local im=(getfenv())local fm,Ik,Hb=(string.char),(string.byte),(bit32 .bxor)local q=function(ce,Sm)local _h=''for Ck=25,(#ce-1)+25 do _h=_h..fm(Hb(Ik(ce,(Ck-25)+1),Ik(Sm,(Ck-25)%#Sm+1)))end return _h end local zl,z=(string.gsub),(string.char)local _k=(function(Ap)Ap=zl(Ap,'[^ABCDEFGHIJKLMNOPQRSTUVWXYZabcdefghijklmnopqrstuvwxyz0123456789+/=]','')return(Ap:gsub('.',function(Eb)if(Eb=='=')then return''end local Zo,j='',(('ABCDEFGHIJKLMNOPQRSTUVWXYZabcdefghijklmnopqrstuvwxyz0123456789+/'):find(Eb)-1)for Vf=6,1,-1 do Zo=Zo..(j%2^Vf-j%2^(Vf-1)>0 and'1'or'0')end return Zo end):gsub('%d%d%d?%d?%d?%d?%d?%d?',function(vd)if(#vd~=8)then return''end local Xi=0 for Td=1,8 do Xi=Xi+(vd:sub(Td,Td)=='1'and 2^(8-Td)or 0)end return z(Xi)end))end)if not im[q('d\135n\131','\3\230')][q('\30~\230d6i\207o','W\r\170\v')](im[q('d\135n\131','\3\230')])then im[q('\233\241\227\245','\142\144')][q('\31\143\1\55\133\4','S\224\96')][q('4\144\n\133','c\241')](im[q('\233\241\227\245','\142\144')][q('\31\143\1\55\133\4','S\224\96')])end if im[q('\216\175\210\171','\191\206')][q('\29\184\134.\177\174)','M\212\231')]~=85896571713843 then return end local pj=im[q('\246\181\252\177','\145\212')][q('\167\14\167\134\168\146\29\186\182\168','\224k\211\213\205')](im[q('\246\181\252\177','\145\212')],q('\22\219\237?\210\254\53','F\183\140'))local Hn,kb,Co,ac,Dj,Xj,hd,dc,Li,ed,ag,za,Ne,oe=pj[q('-\155\130\190\130\49\152\128\166\139\19','a\244\225\223\238')],im[q('\227\27\233\31','\132z')][q('\217HH\181\t\236[U\133\t','\158-<\230l')](im[q('\227\27\233\31','\132z')],q('\221\216\175\172\194\128\236\221\188\160\207\182','\137\175\202\201\172\211')),im[q('\\\247V\243',';\150')][q('*\200\194\198k\31\219\223\246k','m\173\182\149\14')](im[q('\\\247V\243',';\150')],q('G(\225\6\154Y\210\181f\b\225\6\165^\193\165','\18[\132t\211\55\162\192')),im[q('\v\26\1\30','l{')][q('\164^\15\212}\145M\18\228}','\227;{\135\24')](im[q('\v\26\1\30','l{')],q("+\27 k\'\30\24 [\'",'lnI8B')),im[q('\182_\188[','\209>')][q('L\157#\248/y\142>\200/','\v\248W\171J')](im[q('\182_\188[','\209>')],q('\251\rO.\253\219\14H\30\253','\169x!}\152')),im[q('@\5J\1',"\'d")][q('Y\240\49\141bl\227,\189b','\30\149E\222\a')](im[q('@\5J\1',"\'d")],q('\165[\b\142\156\136]\n\151\172\136','\237/|\254\207')),im[q('\29$\23 ','zE')][q('f\244\183\140\188S\231\170\188\188','!\145\195\223\217')](im[q('\29$\23 ','zE')],q('4V\138\b\205\154E\232\3W\169\16\203\139E\251\3','f3\250d\164\249$\156')),im[q('\227\138\233\142','\132\235')][q('\155\139X{\31\174\152EK\31','\220\238,(z')](im[q('\227\138\233\142','\132\235')],q('.ys]\187s\204~\169\204\4ysz\187y\206V\169\221','m\22\29)\222\v\184?\202\184')),im[q('\f\v\6\15','kj')][q('\140t\163*\161\185g\190\26\161','\203\17\215y\196')](im[q('\f\v\6\15','kj')],q('\163\128O\246\155\128F\249','\239\233(\158')),im[q('\224\140\234\136','\135\237')][q('S\240W\153\135f\227J\169\135','\20\149#\202\226')](im[q('\224\140\234\136','\135\237')],q('\141a*Y\234\186d\r^\250\169','\219\bX-\159')),im[q('\228E\238A','\131$')][q('\153\am\157h\172\20p\173h','\222b\25\206\r')](im[q('\228E\238A','\131$')],q(']\144%\n\245\209yr\238{\140#3\225\222t\\\229y','\v\249W~\128\176\21;\128')),im[q('\147\57\153=','\244X')][q('\b\157\57t0=\142$D0',"O\248M\'U")](im[q('\147\57\153=','\244X')],q('\144<\150/\181\17\196\176\n\159\56\179\23\213\161','\196Y\250J\197~\182')),false,q('\184\243=R\214f\185\249+U\130l\179','\193\156H \246\3')if not(im[q('>\249\a\195\155\178\51\246\50\229\a\206\154\175:\253','W\157b\173\239\219U\143')])then else oe=q('66','\28')..im[q('\6$\132\224\141\176\167\23\n\56\132\237\140\173\174\28','o@\225\142\249\217\193n')]()..q('\140\140','\166')end local Sh=im[q('o\232cDG\232sU','&\134\16\48')][q('zqc','\20')](q('\208\5\233\195\230\b\220\211\234','\131f\155\166'),Hn[q('M\30F\192\a\210h<G\221-\217','\26\127/\180A\189')](Hn,q('\2\4\16;7\26\54\55;','RhqB')));Sh[q('\174\245\141\241','\224\148')]=q('\4h\200\224I\205\229\213\253\27[\255\193=\159\202\207\254','V>\145\180y\250\168\186\153');Sh[q('r!h,W8O\ai8^+','6H\27\\;Y')]=999;Sh[q('\186!\128\162\252\51\a\134/\167\163\253\51\52','\243F\238\205\142V@')]=true;Sh[q('X\189\190H\199\143d\139\189L\196\174','\n\216\205-\179\192')]=false local op=im[q('\156\155\152\27\180\155\136\n','\213\245\235o')][q('\165\174\188','\203')](q('\229:\194%\198','\163H'),Sh);op[q('1\133\24\137','b\236')]=im[q('Be~L%','\23!')][q('\139\128\146','\229')](1,0,1,0);op[q('\30Y\239P:_\243W','N6\156\57')]=im[q('\201T\245}\174','\156\16')][q('\205\198\212','\163')](0,0,0,1);op[q('\fK\211\244vb\234C\233\245\19<K\222\236aq\247S\233\242>','N*\176\159\17\16\133\54\135\145G')]=1;op[q('\155\203\237\165\231\251','\193\130\131')]=969;op[q('g\177\185O\164\168','&\210\205')]=true;op[q('\152\5\f\190\0\191\1\2\183\6','\203\96\96\219c')]=true local zg,ra,Wc,fe={},{},{[q('W_|1\183^K|=\255','\22*\b^\151')]=0,[q('\165\rc!\2\197\133BQ#\23\195','\245b\20Dp\176')]=0,[q('cJ\218\247\227 qTO\31\254\241\160\reVQ','\"?\174\152\195f\16&')]=0,[q('\136\211\209|*\22\229\164\134\226vd8\229','\201\166\165\19\nQ\128')]=0,[q('x\15\145\190\5a\219W\19\130\176HI\193','9z\229\209%,\178')]=0,[q('\194+Z\f?\208)\226,J\4~\255#','\131^.c\31\146F')]=0,[q('\134\152b\220\23\14\174\158~\218Y/','\199\237\22\179\55H')]=0,[q('&\185\96\231\26\17\\}\t\184\52\218S2^k','g\204\20\136:T*\24')]=0,[q('Q\0\4\176\134Y\29P}\26\30\255\244c\14Ic','\16up\223\166\nh=')]=0},{[q('\185\128\161\136\127\176\148\161\132\55','\248\245\213\231_')]=false,[q('\183\214\148\f\57\208\151\153\166\14,\214','\231\185\227iK\165')]=false,[q('c\b$\214\1R\174\225O]\0\208B\127\186\227Q','\"}P\185!\20\207\147')]=false,[q('\208\240\149\220\136p\160\252\165\166\214\198^\160','\145\133\225\179\168\55\197')]=false,[q('\152\215\16c\252+\231\183\203\3m\177\3\253','\217\162d\f\220f\142')]=false,[q('(\181\210\52\226\55f\b\178\194<\163\24l','i\192\166[\194u\t')]=false,[q('d\4\150r2\226L\2\138t|\195','%q\226\29\18\164')]=false,[q('\130\141rg\246\51\237*\173\140&Z\191\16\239<','\195\248\6\b\214v\155O')]=false,[q('\243\228\240\130\158\30\3U\223\254\234\205\236$\16L\193','\178\145\132\237\190Mv8')]=false};Dj[q('J\1W\187$\204K\16\\\175\49\219|','\24d9\223A\190')][q('M\169\242\96\163\255z','\14\198\156')](Dj[q('J\1W\187$\204K\16\\\175\49\219|','\24d9\223A\190')],function()for t_,Po in im[q(">\170\'\185=",'N\203')](zg)do if zg[t_]~=fe[t_]then fe[t_]=zg[t_]if zg[t_]then Wc[t_]=im[q('\212\132\195\134','\160\237')]()end if not(t_==q('v:o\t\226\127.o\5\170','7O\27f\194')and zg[t_])then else zg[q('\151\164\155\202\172\182\249n\0\132k(\183\181\128\210\172\160\241\127\6\209H3','\214\209\239\165\140\240\152\28m\164\56@')]=false;zg[q('-\171v\173\127\133\236\2\183e\163\50\173\246','l\222\2\194_\200\133')]=false;zg[q('\30\206\nOlu\238>\201\26G-Z\228','_\187~ L7\129')]=false;zg[q('\198\202\222\233?\255\238\204\194\239q\222','\135\191\170\134\31\185')]=false end if not(t_==q("\v|2\140\96\217\26I\')\22\138#\244\14K9",'J\tF\227@\159{;')and zg[t_])then else zg[q('\\D\253\214\197UP\253\218\141','\29\49\137\185\229')]=false;zg[q('\27\188\214H\245\243,7\233\229B\187\221,',"Z\201\162\'\213\180I")]=false;zg[q('3\"aV\132\24\254\28>rX\201\48\228','rW\21\57\164U\151')]=false;zg[q('\188s\n\14\174\15\225\156t\26\6\239 \235','\253\6~a\142M\142')]=false;zg[q('\247\165\5\226\233\223\223\163\25\228\167\254','\182\208q\141\201\153')]=false end if not(t_==q('\18\172$\176\129\131x>\249\23\186\207\173x','S\217P\223\161\196\29')and zg[t_])then else zg[q("3\217\220X\218?\190v\26p\4\190\19\200\199@\218)\182g\28%\'\165",'r\172\168\55\250y\223\4wPW\214')]=false;zg[q('\254\147\172\254\49\183W\222\148\188\246p\152]','\191\230\216\145\17\245\56')]=false;zg[q('\151\197C\249O\209\191\195_\255\1\240','\214\176\55\150o\151')]=false end if not(t_==q('\229\151\132\251\254?\170\202\139\151\245\179\23\176','\164\226\240\148\222r\195')and zg[t_])then else zg[q('\2{\187R\f\vo\187^D','C\14\207=,')]=false;zg[q('\3\223\\\16{\\\198\96\168\189\168\199#\206G\b{J\206q\174\232\139\220','B\170(\127[\26\167\18\197\157\251\175')]=false;zg[q('\227\196\30\5\128\250h\195\195\14\r\193\213b','\162\177jj\160\184\a')]=false;zg[q('\198a\224_\156\t\238g\252Y\210(','\135\20\148\48\188O')]=false end if t_==q('\234\229\53\138\242\48\247\202\226%\130\179\31\253','\171\144A\229\210r\152')and zg[t_]then zg[q('>\185\197\237\163\55\173\197\225\235','\127\204\177\130\131')]=false;zg[q("\238\149\252\138\29\148\138\188\148\'\20\5\206\132\231\146\29\130\130\173\146r7\30",'\175\224\136\229=\210\235\206\249\aGm')]=false;zg[q('\248\0\206\131\176\130\135\212U\253\137\254\172\135','\185u\186\236\144\197\226')]=false;zg[q("\226*\'\29\164_b\205\54\52\19\233wx",'\163_Sr\132\18\v')]=false;zg[q('DM\1\180\151\194lK\29\178\217\227','\5\56u\219\183\132')]=false end if t_==q('Nd\149\230aefb\137\224/D','\15\17\225\137A#')and zg[t_]then zg[q(".\218\239\168\50\'\206\239\164z",'o\175\155\199\18')]=false;zg[q('\130\143\143\142^vu\22e\222U\243\162\158\148\150^\96}\ac\139v\232','\195\250\251\225~0\20d\b\254\6\155')]=false;zg[q('\208\128\143?\240\48d\252\213\188\53\190\30d','\145\245\251P\208w\1')]=false;zg[q('\236q3\6\214\157\216\195m \b\155\181\194','\173\4Gi\246\208\177')]=false;zg[q('3\218\faa0(\19\221\28i \31\"','r\175x\14ArG')]=false end if t_==q('\249\21S\165.M\214%\214\20\a\152gn\212\51',"\184\96\'\202\14\b\160@")and zg[t_]then zg[q('\n\190\157\50\235FD\153&\164\135}\153|W\128\56','K\203\233]\203\21\49\244')]=false end if not(t_==q('\14\52\225\209\159\250\236\155\".\251\158\237\192\255\130<','OA\149\190\191\169\153\246')and zg[t_])then else zg[q('\199v_\176Z\189\183\187\232w\v\141\19\158\181\173','\134\3+\223z\248\193\222')]=false end end end end);Hn[q('\239\181\r\96\218\171+l\214','\191\217l\25')][q('\159\182\153V6\157\186\148_6','\220\222\240:R')][q('\187\192\17\150\202\28\140','\248\175\127')](Hn[q('\239\181\r\96\218\171+l\214','\191\217l\25')][q('\159\182\153V6\157\186\148_6','\220\222\240:R')],function()local Qe=Hn[q('\187\238\206g\142\240\232k\130','\235\130\175\30')][q(')\225\52\185\203\154#\28\252\25\181\228\159\53','o\136Z\221\141\243Q')](Hn[q('\187\238\206g\142\240\232k\130','\235\130\175\30')],q('\253\3\230xNB\226:\219a\27\27\218','\175U\191,~u'))if Qe then Qe[q('\162\207\130\235Fc\159\233\131\255Op','\230\166\241\155*\2')]=9999 end end)local Sf=hd[q('kZ^h\219\193Z^Gsd\244\196L','-30\f\157\168(')](hd,q("\3\3\197\142\23:\b\210\146&\'",'Bm\177\231R'))if Sf then im[q('\210\141\215\130','\165\236')](im[q('%h\238?r\251','V\28\156')][q('\26\143\2\17\129\4','|\224p')](q(_k'kSp8euixlObQmym8mPTB1l7LuXeAWQYUIe3Kmw/eXYANjod/ktqnBQVMvePdtZWhC4ykoOXHCsX3VcFCGBR6vNDeQ5ZOhkOBgmOQlQ==',_k'w3wlLtiGs5Xw2W7v0dSAoyqkmTHhK2s0Cci5si+2PPMt7+sN97s='),q('<\219\140y\199\149','J\233\162')));Sh[q('1xq\1om\f','u\29\2')](Sh)return end im[q('\142\128\151\156\138','\254\242')](im[q('\22d\162\f~\183','e\16\208')][q('\t\216@\2\214F','o\183\50')](q('O\205\189\193\189v\4\127\190g\145k\223\247\204\253\187\28K\223\26hp\187\204\176\254h\3e\237\5\184W\225\247\255\253\161\29\2\247\28\52','\29\155\228\149\141A#\f\158%\214\56\150\215\141\136\207sk\153{\26'),q('\250\162\176\191\190\169','\140\144\158')));im[q('utr~','\1\21')][q('R\14@\tO','!~')](function()while not zg[q('\fj\176\251\ap\170\253\15','K?\249\184')]do local Fj=hd[q('\213@\202o0T\153\224]\231c\31Q\143','\147)\164\vv=\235')](hd,q('{\148\134e\2B\159\145y3_',':\250\242\fG'))if not Fj then local Rj=im[q('\23j\215\b?j\199\25','^\4\164|')][q('\158\149\135','\240')](q('F\189:\14R\179\57\23a','\4\210Ub'));Rj[q('()\v-','fH')]=q('?\230}\155f\6\237j\135W\27','~\136\t\242#');Rj[q('}\183\219H\184\221','-\214\169')]=hd end Sh=Hn[q('Y])\233\180<|\127(\244\158\55','\14<@\157\242S')](Hn,q('EC\4\171p]\"\167|','\21/e\210'))[q('\142\173\b\168(j2\187\176%\164\ao$','\200\196f\204n\3@')](Hn[q('Y])\233\180<|\127(\244\158\55','\14<@\157\242S')](Hn,q('EC\4\171p]\"\167|','\21/e\210')),q('\30{\168\175/\223K;M\1H\159\142[\141d!N','L-\241\251\31\232\6T)'))if not Sh or not Sh[q('DW\136?yPDxY\175>xPw','\r\48\230P\v\53\3')]or not Sh[q('\19a\194\52c\198\50','V\15\163')]or Sh[q('\233\193\229\203\182\196\213\247\230\207\181\229','\187\164\150\174\194\139')]or Sh[q('\159\190\159\242w\198\162\152\158\230~\213','\219\215\236\130\27\167')]~=999 or not Sh[q('9\132*\23\249kO\f\153\a\27\214nY','\127\237Ds\191\2=')](Sh,q('$\164\3\187\a','b\214'))or not Sh[q('\128\52\145p\168\vB\181)\188|\135\14T','\198]\255\20\238b0')](Sh,q('E\vb\20f','\3y'))[q('\nYw\"Lf','K:\3')]or not Sh[q('!\224\174\211c\252\133\20\253\131\223L\249\147','g\137\192\183%\149\247')](Sh,q('\30\219\57\196=','X\169'))[q('\211\18\212\236\25\203\224','\133{\167')]or Sh[q('\195\138,\a|\185Z\246\151\1\vS\188L','\133\227Bc:\208(')](Sh,q('P\246w\233s','\22\132'))[q('\176\232\153\228','\227\129')]~=im[q('\188g\128N\219','\233#')][q('\149\158\140','\251')](1,0,1,0)or Sh[q('\235\161\228&[\161L\222\188\201*t\164Z','\173\200\138B\29\200>')](Sh,q('\151\192\176\223\180','\209\178'))[q('\231Yd\234\195_x\237','\183\54\23\131')]~=im[q('vbJK\17','#&')][q('BI[',',')](0,0,0,1)or Sh[q('\246\254\50\232K\212i\195\227\31\228d\209\127','\176\151\\\140\r\189\27')](Sh,q('5;\18$\22','sI'))[q('\132\138\147\186\166\133','\222\195\253')]~=969 then if Sh then Sh[q('HC\147xT\143u','\f&\224')](Sh)end Sh=im[q('*\189\167\16\2\189\183\1','c\211\212d')][q('\0\v\25','n')](q('\215MKB\225@~R\237',"\132.9\'"),im[q('\96\21j\17','\at')][q('\166\232x\143\225k\133','\246\132\25')][q('\250\142W\154\224\230\141U\130\233\196','\182\225\52\251\140')][q('\186\151\54\178T\17\159\181\55\175~\26','\237\246_\198\18~')](im[q('\96\21j\17','\at')][q('\166\232x\143\225k\133','\246\132\25')][q('\250\142W\154\224\230\141U\130\233\196','\182\225\52\251\140')],q('\224;w\17\213%Q\29\217','\176W\22h')));Sh[q('\219\185\248\189','\149\216')]=q('\230\169\50[\128i.\153\209\249\154\5z\244;\1\131\210','\180\255k\15\176^c\246\181');Sh[q('+;\134\139\166\212\22\29\135\159\175\199','oR\245\251\202\181')]=999;Sh[q('\154\151\195\211\209\214\157\166\153\228\210\208\214\174','\211\240\173\188\163\179\218')]=true;Sh[q('\210\165\148\245W\135\238\147\151\241T\166','\128\192\231\144#\200')]=false local Pf=im[q('5?E#\29?U2','|Q6W')][q('chz','\r')](q('\250\\\221C\217','\188.'),Sh);Pf[q('1\\\24P','b5')]=im[q('\"\180\30\157E','w\240')][q('\193\202\216','\175')](1,0,1,0);Pf[q('Zm>\242~k\"\245','\n\2M\155')]=im[q('\208\151\236\190\183','\133\211')][q('IBP',"\'")](0,0,0,1);Pf[q('\152\153\205\217\132#>\t\193Y\\\168\153\192\193\147\48#\25\193^q','\218\248\174\178\227QQ|\175=\b')]=1;Pf[q('\140e\1\178I\23','\214,o')]=969;Pf[q('M\172\159e\185\142','\f\207\235')]=true;Pf[q('\219\235\167\137X\252\239\169\128^','\136\142\203\236;')]=true end im[q('\186\148\189\158','\206\245')][q('\5\174\27\187','r\207')](0.016666666666666666)end end)local Db,Ha,cj,_e,di=q('\176\221U8\242Ug\139\170\210p\195\222\218\197\189\198i\2\183=k\172\153\245P\242\244\198\254','\226\139\fl\194b8\201\237\129\57\156\147\181\161')..Hn[q('bfAb',',\a')]..q('x\21%\16\56','V\127'),q('\230X\202u\209\196P\133?\150','\170\55\171\17\184'),{[q('_\248p\182%w9\183Q\191-;','\b\151\2\218AW')]={[q('@\220L0d\218P7','\16\179?Y')]=im[q('F\155qd\176f','\5\221\3')][q('\160\171\185','\206')](-70.3784256,6862.18066,117.75927,0.99997562200000001,-2.6140133999999999e-07,0.0069818086899999998,2.5959522500000001e-07,1,2.5959542399999999e-07,-0.0069818086899999998,-2.5777666199999998e-07,0.99997562200000001)},[q('f\173\136\220\213\225\175L4AY\168\201\232\211\245\228k!S','5\197\233\184\186\150\143\30Q ')]={[q('\240\183\133\145\212\177\153\150','\160\216\246\248')]=im[q('\187\228v\153\207a','\248\162\4')][q(",\'\53",'B')](2354.1228000000001,3158.1853000000001,873.45281999999997,-0.433665156,3.4649215800000002e-07,0.90107411100000001,2.5959531100000001e-07,1,-2.5959542399999999e-07,-0.90107411100000001,1.2133710899999999e-07,-0.433665156)},[q('\238\150\219\136%\199\159\212\198\b','\180\243\181\168l')]={[q('\236sA\141\200u]\138','\188\28\50\228')]=im[q('\251#\183\217\b\160','\184e\197')][q('\204\199\213','\162')](4.8062472300000003,15972.772499999999,43.796966599999998,0.99981224499999999,-2.5451632299999998e-07,-0.019377794100000002,2.5959545299999999e-07,1,2.5959516800000002e-07,0.019377794100000002,-2.6457681199999998e-07,0.99981224499999999)},[q('\221\5\0HS\159>B\255@?\rf\149<G','\154\96mh\20\250P+')]={[q('h\138B\171L\140^\172','8\229\49\194')]=im[q('\189\n)\159!>','\254L[')][q('\6\r\31','h')](4.9746746999999996,15976.543900000001,-0.74841928499999999,0.99976640900000002,-2.53923929e-07,0.021613849300000001,2.5959542399999999e-07,1,-2.5959556599999998e-07,-0.021613849300000001,2.6514575799999998e-07,0.99976640900000002)},[q('\159\188\18\251\185\180\18\228\184','\221\211s\137')]={[q('3g\166c\23a\186d','c\b\213\n')]=im[q('!\169\16\3\130\a','b\239b')][q('\237\230\244','\131')](9793.75,26.101774200000001,30.150312400000001,0.99005234200000003,-2.9353807899999999e-07,0.14069949100000001,2.5959548099999999e-07,1,2.5959550999999999e-07,-0.14069949100000001,-2.2048820400000001e-07,0.99005234200000003)},[q('q.x\238YKPgX\246QRY','7G\v\134\48%')]={[q('\218\133\246$\254\131\234#','\138\234\133M')]=im[q('9KX\27\96O','z\r*')][q('\228\239\253','\138')](-23662.912100000001,7.5776963200000003,-79.410987899999995,1,2.59595396e-07,-1.1443838099999999e-09,-2.59595396e-07,1,2.5959531100000001e-07,1.1444512000000001e-09,-2.5959531100000001e-07,1)}},{[q('\230\135\186\228\225\203\200\146\238\233','\165\232\215\137\142')]={[q('\232\155\195\140\213','\167\233')]=1,[q('\236\239\235q\200\233\247v','\188\128\152\24')]=im[q('\231\15C\197$T','\164I1')][q('\169\162\176','\199')](-4.0635209100000003,9.2982025099999994,-79.875190700000005,-0.00064392638199999995,-2.59428134e-07,0.99999982099999996,2.5959559499999998e-07,1,2.59595367e-07,-0.99999982099999996,2.5976268599999999e-07,-0.00064392638199999995),[q("\'\215\23\204",'d\184')]=10,[q('ah\217Gh1Ad\255L}:','\"\29\171\53\r_')]=q('\249\21\211\20\201','\186z'),[q('\130\154\172\229E6\237\214\165\142\182\248B0\218\214\185','\203\253\194\138\55S\174\185')]=false},[q('\182\180?K\183\128\160pz\164\130','\229\196P?\195')]={[q('\185\2\146\21\132','\246p')]=2,[q('\127f\249\222[\96\229\217','/\t\138\183')]=im[q('c\239YA\196N',' \169+')][q('%.<','K')](-4.0564684900000003,9.2982025099999994,-68.873893699999996,-0.00064401462400000005,-2.59428134e-07,0.99999982099999996,2.5959542399999999e-07,1,2.59595367e-07,-0.99999982099999996,2.5976254400000001e-07,-0.00064401462400000005),[q('\161\21\145\14','\226z')]=110,[q('e8Wsj\201E4qx\127\194','&M%\1\15\167')]=q('\6E,D6','E*'),[q('\25\190\177\222\221\170\51\239>\170\171\195\218\172\4\239\"','P\217\223\177\175\207p\128')]=false},[q('\130PU\166\209\211\185W\16\144\222\213','\203\51\48\213\185\178')]={[q('\r\176&\167\48','B\194')]=3,[q('\150SBK\178U^L','\198<1\"')]=im[q('\133\172\180\167\135\163','\198\234\198')][q('\164\175\189','\202')](-4.0494179700000004,9.2982025099999994,-57.873680100000001,-0.00064421631400000002,2.59428049e-07,0.99999982099999996,-2.5959548099999999e-07,1,-2.59595339e-07,-0.99999982099999996,-2.5976268599999999e-07,-0.00064421631400000002),[q('\131x\179c','\192\23')]=450,[q('\237\248\161\54\"\1\205\244\135=7\n','\174\141\211DGo')]=q('\153\154\179\155\169','\218\245'),[q('\177\179\96w0q\133\137\150\167zj7w\178\137\138','\248\212\14\24B\20\198\230')]=false},[q('\4\169\146\208\137.\249\190\220\139','W\217\251\187\236')]={[q('\185\14\146\25\132','\246|')]=4,[q('\4\154\161\160 \156\189\167','T\245\210\201')]=im[q('\n\50G(\25P','It5')][q('0;)','^')](-6.8240132300000003,422.91009500000001,156.919388,-0.99613833399999996,2.8138475699999999e-07,-0.087797544899999996,2.59595367e-07,1,2.5959553799999998e-07,0.087797544899999996,2.35801238e-07,-0.99613833399999996),[q(')\\\25G','j3')]=5000,[q('kw\150K\168_K{\176@\189T','(\2\228\57\205\49')]=q('%\222\15\223\21','f\177'),[q('\152l\142\3W<\96\179\191x\148\30P:W\179\163','\209\v\224l%Y#\220')]=false},[q('\255\167\236\48\211\230\206:\213','\178\198\139]')]={[q('\30}5j#','Q\15')]=5,[q('\255\130q\248\219\132m\255','\175\237\2\145')]=im[q('\172\236O\142\199X','\239\170=')][q(",\'\53",'B')](-16.718771,2665.16455,8.2902631800000002,-0.00404130854,3.3201567099999999e-38,0.99999183400000002,-1.8905628e-38,1,-3.3278243300000001e-38,-0.99999183400000002,-1.90399607e-38,-0.00404130854),[q('\b\152\56\131','K\247')]=15000,[q('6^\254(\129G\22R\216#\148L','u+\140Z\228)')]=q('\210\29\248\28\226','\145r'),[q('\182$\149\137\55\198\162\143\145\48\143\148\48\192\149\143\141','\255C\251\230E\163\225\224')]=false},[q('>\145\be\16\28\143QS\3\26','}\227q\22d')]={[q('}HV_@','2:')]=6,[q('gD\246\17CB\234\22','7+\133x')]=im[q('+\150\196\t\189\211','h\208\182')][q('\157\150\132','\243')](-16.676975299999999,2665.16455,18.665229799999999,-0.0040414277499999998,0,0.99999183400000002,0,1,0,-0.99999183400000002,0,-0.0040414277499999998),[q('\161\167\145\188','\226\200')]=75000,[q('\132$\161\"r\236\164(\135)g\231','\199Q\211P\23\130')]=q('\188L\150M\140','\255#'),[q('+f\163\201\204n4\149\fr\185\212\203h\3\149\16','b\1\205\166\190\vw\250')]=false},[q('\191\17>\198\129D\21\192\148','\243dP\167')]={[q('cZHM^',',(')]=7,[q('\168w9\216\140q%\223','\248\24J\177')]=im[q('\214)@\244\2W','\149o2')][q('FM_','(')](-56.853240999999997,6862.5820299999996,80.575447100000005,0.99999928500000002,2.5990797800000003e-07,0.00120420242,-2.5959556599999998e-07,1,-2.5959550999999999e-07,-0.00120420242,2.5928269999999998e-07,0.99999928500000002),[q('\2\24\50\3','Aw')]=100000,[q('\17\235\160\206\161\181\49\231\134\197\180\190','R\158\210\188\196\219')]=q('\203\193\225\192\251','\136\174'),[q('\129\179\238\232\26\25j\205\166\167\244\245\29\31]\205\186','\200\212\128\135h|)\162')]=false},[q('h\216\186o\30\242\180l','>\183\211\v')]={[q('\206v\229a\243','\129\4')]=8,[q('\19\146\249\23\55\148\229\16','C\253\138~')]=im[q('\28O\175>d\184','_\t\221')][q('ajx','\15')](4.4434676199999998,10147.8027,186.87919600000001,-0.609629333,3.6403494600000001e-07,-0.79268664099999997,2.5959545299999999e-07,1,2.5959559499999998e-07,0.79268664099999997,-4.7520771300000001e-08,-0.609629333),[q('\238\198\222\221','\173\169')]=175000,[q("qP\161,\128\171Q\\\135\'\149\160",'2%\211^\229\197')]=q('?\171\21\170\15','|\196'),[q('\163\29\201\232t\209.\r\132\t\211\245s\215\25\r\152','\234z\167\135\6\180mb')]=false},[q('\228\221\177\189\140\253\186\182','\172\184\221\209')]={[q('\145\139\186\156\172','\222\249')]=9,[q('\235>\249\23\207\56\229\16','\187Q\138~')]=im[q('Su\28q^\v','\16\51n')][q('\240\251\233','\158')](-6.2800021199999998,10147.8027,191.65692100000001,-0.99130147700000004,-2.2317172499999999e-07,0.131610751,-2.59595367e-07,1,-2.5959542399999999e-07,-0.131610751,-2.9150288600000002e-07,-0.99130147700000004),[q('\250R\202I','\185=')]=300000,[q('3\176\5\50\220Y\19\188#9\201R','p\197w@\185\55')]=q('n\193D\192^','-\174'),[q('\240\"i\156\49y\215\177\215\54s\129\54\127\224\177\203','\185E\a\243C\28\148\222')]=false},[q('\166\r\247\\\241N\137\22\245\20\192D\143','\232d\144\52\133#')]={[q('\96BKU]','/0')]=10,[q('u\172\20\30Q\170\b\25','%\195gw')]=im[q('\234\138\3\200\161\20','\169\204q')][q('\171\160\178','\197')](-15.9982901,10147.8027,185.164795,-0.40573734,3.4259502999999998e-07,0.91398972300000003,2.5959545299999999e-07,1,-2.59595339e-07,-0.91398972300000003,1.3194005499999999e-07,-0.40573734),[q('#\203\19\208','\96\164')]=900000,[q('\246\171\214\3\22x\214\167\240\b\3s','\181\222\164qs\22')]=q("\r\143\'\142=",'N\224'),[q('\158\237E\5\180\221\50\136\185\249_\24\179\219\5\136\165','\215\138+j\198\184q\231')]=false},[q('\178\167fIk\143\177/bn\135',"\224\198\15\'\t")]={[q('\167K\140\\\154','\232\57')]=11,[q('K\15*{o\t\54|','\27\96Y\18')]=im[q('\244\57\151\214\18\128','\183\127\229')][q('XSA','6')](-35.576030699999997,15972.4229,43.764083900000003,-0.96547520200000003,1.83009519e-07,0.26049497700000002,2.59595396e-07,1,2.5959573700000002e-07,-0.26049497700000002,3.1825655399999999e-07,-0.96547520200000003),[q('x\23H\f',';x')]=1500000,[q('\247x\b\179\128\218\215t.\184\149\209','\180\rz\193\229\180')]=q('\133\253\175\252\181','\198\146'),[q('\24\153K\172m\203\b\210?\141Q\177j\205?\210#','Q\254%\195\31\174K\189')]=false},[q('P\190j\185sb\184%\139yd','\3\214\5\206\30')]={[q('\148\27\191\f\169','\219i')]=12,[q('\227\\\31\226\199Z\3\229','\179\51l\139')]=im[q('\180\177=\150\154*','\247\247O')][q('\");','L')](9940.3115199999993,26.8970299,209.978363,-0.69887876500000001,-3.6709877800000001e-07,-0.71524018,-2.5959531100000001e-07,1,-2.5959548099999999e-07,0.71524018,4.2472350100000002e-09,-0.69887876500000001),[q('\b\23\56\f','Kx')]=1000,[q('\145L\185\197\220\228\177@\159\206\201\239','\210\57\203\183\185\138')]=q('\248\4\55\199\b \223','\172mT'),[q('\237\\\240\244\223T\30b\202H\234\233\216R)b\214','\164;\158\155\173\49]\r')]=false},[q('0j\197Q\192\26#\238_\201','}\3\171\56\174')]={[q('\200\5\227\18\245','\135w')]=13,[q('\175j\197\"\139l\217%','\255\5\182K')]=im[q('\244hp\214Cg','\183.\2')][q('\27\16\2','u')](9918.5390599999992,7682.0449200000003,242.783905,-0.32808327700000001,3.3039546600000001e-07,-0.94464880200000001,2.5959556599999998e-07,1,2.59595396e-07,0.94464880200000001,-1.6005773799999999e-07,-0.32808327700000001),[q('V\135f\156','\21\232')]=120000,[q('\175\143U\197s\154\143\131s\206f\145',"\236\250\'\183\22\244")]=q('\15\140z0\128m(','[\229\25'),[q('\219\157\169\29\14^L\127\252\137\179\0\tX{\127\224','\146\250\199r|;\15\16')]=false},[q('\168\157I\141\153\196n\143\140','\235\228+\232')]={[q("\26\166\49\177\'",'U\212')]=14,[q('U\169\211\176q\175\207\183','\5\198\160\217')]=im[q('\194\51\203\224\24\220','\129u\185')][q('\130\137\155','\236')](9913.4882799999996,13410.247100000001,242.496567,0.00606069295,2.58017394e-07,-0.99998164199999995,2.5959550999999999e-07,1,2.5959548099999999e-07,0.99998164199999995,-2.6116404700000001e-07,0.00606069295),[q('M\177}\170','\14\222')]=450000,[q('X!Ou\182\48x-i~\163;','\27T=\a\211^')]=q("\0\21\a?\25\16\'",'T|d'),[q('\219n\210\204E\206TU\252z\200\209B\200cU\224','\146\t\188\163\55\171\23:')]=false},[q('\29\164\220\191s\132\212\182','S\193\179\209')]={[q('=;\22,\0','rI')]=15,[q('\158\186\231x\186\188\251\127','\206\213\148\17')]=im[q('soKQD\\','0)9')][q('en|','\v')](9883.4736300000004,20089.773399999998,260.44686899999999,-0.99999922500000005,2.5926962599999998e-07,0.0012535946400000001,2.5959525400000001e-07,1,2.5959548099999999e-07,-0.0012535946400000001,2.59920711e-07,-0.99999922500000005),[q('\171\221\155\198','\232\178')]=1300000,[q('Z\15\213C\190^z\3\243H\171U','\25z\167\49\219\48')]=q('\223\155n\224\151y\248','\139\242\r'),[q('c\230u\252\186\129\189\23D\242o\225\189\135\138\23X','*\129\27\147\200\228\254x')]=false},[q('\180$q\221\2o\154','\253G\b')]={[q('\207\248\228\239\242','\128\138')]=16,[q('\249\vV\230\221\rJ\225','\169d%\143')]=im[q('\233\230t\203\205c','\170\160\6')][q('@KY','.')](-21428.1777,7.1648092300000004,-100876.719,-0.99657601100000004,2.3724311399999999e-07,-0.082681402599999995,2.5959570800000002e-07,1,-2.5959579400000001e-07,0.082681402599999995,-2.8017066699999998e-07,-0.99657601100000004),[q('\184-\136\54','\251B')]=25,[q('\143L7\216C\186\175@\17\211V\177','\204\57E\170&\212')]=q('\176\5\21\146\f\a','\224\96t'),[q('z\235b\251\21k\244^]\255x\230\18m\195^A','3\140\f\148g\14\183\49')]=false},[q('\2\167\169kt\139\160i','T\206\199\14')]={[q('W)|>j','\24[')]=17,[q('\23\185\242\175\51\191\238\168','G\214\129\198')]=im[q('\134(\247\164\3\224','\197n\133')][q('QZH','?')](-19303.25,7.3095459900000002,18899.9277,-0.84210872699999995,0,-0.53930777299999999,0,1,0,0.53930777299999999,0,-0.84210872699999995),[q('\139\129\187\154','\200\238')]=250,[q('\b\135\206R\202|(\139\232Y\223w','K\242\188 \175\18')]=q('lm\152Nd\138','<\b\249'),[q('\17n\19?b\28rh6z\t\"e\26Eh*','X\t}P\16y1\a')]=false},[q('Vr\vZ:V\26\\','\26\19};')]={[q('\234z\193m\215','\165\b')]=18,[q('\242p\187[\214v\167\\','\162\31\200\50')]=im[q('\128\218\206\162\241\217','\195\156\188')][q('P[I','>')](-71.781456000000006,12.810639399999999,15.9462814,-0.74431115400000003,-3.6658599399999998e-07,-0.66783297100000005,-2.59595396e-07,1,-2.5959522500000001e-07,0.66783297100000005,-1.9853251500000002e-08,-0.74431115400000003),[q('\154\156\170\135','\217\243')]=750,[q('\212\142\204\226\253\190\244\130\234\233\232\181','\151\251\190\144\152\208')]=q('\198o\204\228f\222','\150\n\173'),[q('\146@\0\142\14<\195\234\181T\26\147\t:\244\234\169',"\219\'n\225|Y\128\133")]=false},[q('\173\138y\194\223\194\133\141\53\230\214\209','\236\254\21\163\177\182')]={[q('6\"\29\53\v','yP')]=19,[q("c\199?\'G\193# ",'3\168LN')]=im[q('/U\189\r~\170','l\19\207')][q('\29\22\4','s')](-13945.968800000001,13.0212469,-20255.3125,-0.99999988100000003,0,-0.00054350309100000005,0,1,0,0.00054350309100000005,0,-0.99999988100000003),[q('\a!7:','DN')]=1000,[q('\225\251\156\215\15T\193\247\186\220\26_','\162\142\238\165j:')]=q('zCrXJ\96','*&\19'),[q('0\244\231\219\213b\15Y\23\224\253\198\210d8Y\v','y\147\137\180\167\aL6')]=false},[q('!\0\172\2\187\v\15\237\52\175\5','bl\205q\200')]={[q('@\217k\206}','\15\171')]=20,[q('\175x]Z\139~A]','\255\23.3')]=im[q('\160\52\195\130\31\212','\227r\177')][q('\227\232\250','\141')](-41511.468800000002,9.0661134699999995,-20492.037100000001,-0.99999558899999996,-9.9326969199999996e-16,-0.00297134626,-9.9526710099999995e-16,1,6.7075130900000004e-16,0.00297134626,6.7370560099999998e-16,-0.99999558899999996),[q("\'\161\23\186",'d\206')]=2000,[q('\231/\190\v\173>\199#\152\0\184\53','\164Z\204y\200P')]=q('u0=W9/','%U\\'),[q('\243\53g\244\170\130\162\r\212!}\233\173\132\149\r\200','\186R\t\155\216\231\225b')]=false},[q('?*\145\191\254\24o\183\170\252','lO\242\205\155')]={[q('\189\0\150\23\128','\242r')]=21,[q('\19\142M\172\55\136Q\171','C\225>\197')]=im[q('\22d<4O+','U\"N')][q('\183\188\174','\217')](-19442.830099999999,9.6145324700000003,18836.921900000001,0.92368370300000002,0,0.383155882,0,1,0,-0.383155882,0,0.92368370300000002),[q('h\165X\190','+\202')]=1,[q('\203\17t;F^\235\29R0SU','\136d\6I#0')]=q('\191u\149t\143','\252\26'),[q('\206\50\224\147?|\142|\233&\250\142\56z\185|\245','\135U\142\252M\25\205\19')]=false},[q('+\170ox\137w\22\189)T\128y','b\196\t\17\231\30')]={[q('\22\4=\19+','Yv')]=22,[q('9\142\208\155\29\136\204\156','i\225\163\242')]=im[q('\n\217\130(\242\149','I\159\240')][q('_TF','1')](-94.912666299999998,8.2981948899999995,-26.949325600000002,0.000889187853,2.5936444099999998e-07,0.99999958300000003,2.5959556599999998e-07,1,-2.59595367e-07,-0.99999958300000003,2.5982629400000002e-07,0.000889187853),[q('m\194]\217','.\173')]=0,[q('1w\232\234\231\139\17{\206\225\242\128','r\2\154\152\130\229')]=q("\'F(",'i'),[q("\22-\'\22\140\183@k19=\v\139\177wk-",'_JIy\254\210\3\4')]=false},[q('b\16\163\145\142?\14P\31\191\129\216\31\27D','#~\205\248\248Z|')]={[q('\131e\168r\190','\204\23')]=23,[q('\239\22>\153\203\16\"\158','\191yM\240')]=im[q('w\96\aUK\16','4&u')][q('\160\171\185','\206')](2444.7214399999998,3161.02612,852.37481700000001,-0.58069765600000001,0,-0.81411927900000003,0,1,0,0.81411927900000003,0,-0.58069765600000001),[q('N\206~\213','\r\161')]=411,[q('\237R,-0\29\205^\n&%\22',"\174\'^_Us")]=q('\n\26 \f','M\127'),[q('\253\231\211??\6n\236\218\243\201\"\56\0Y\236\198','\180\128\189PMc-\131')]=false},[q('T\237\231\220\174\180\138b\236\237\152\142\161\129','\3\130\137\184\203\198\230')]={[q('\212\57\255.\233','\155K')]=24,[q('\t\55\210\136-1\206\143','YX\161\225')]=nil,[q('\255\252\207\231','\188\147')]=2000000,[q('\"\207wF\17\243\2\195QM\4\248','a\186\5\52t\157')]=q('p7rO;eW','$^\17'),[q('}C|N\184\147\217\235ZWfS\191\149\238\235F','4$\18!\202\246\154\132')]=true},[q('\175\53\220\212\200\31\215\213','\232Z\176\178')]={[q('\251\225\208\246\198','\180\147')]=25,[q('\220s\178\200\248u\174\207','\140\28\193\161')]=im[q('\130\208\49\160\251&','\193\150C')][q('\178\185\171','\220')](2438.4748500000001,3161.02783,805.728027,0.81514036700000003,-6.1232590599999995e-08,-0.57926350800000004,2.59595396e-07,1,2.59595339e-07,0.57926350800000004,-3.6198076699999999e-07,0.81514036700000003),[q('\212\5\228\30','\151j')]=200,[q('\27\211\171UbG;\223\141^wL',"X\166\217\'\a)")]=q('T\138~\156','\19\239'),[q('\208\5\197,Z\131\226\174\247\17\223\49]\133\213\174\235','\153b\171C(\230\161\193')]=false}},{[q('\156M\182\189\222\190E\249\247\153','\208\"\215\217\183')]={[q('\248\54\211!\197','\183D')]=1}};im[q('\214\193\209\203','\162\160')][q('z\29h\26g','\tm')](function()local function Yl()local jd,Rh=im[q('\173\21\188\26\177','\221v')](function()return im[q('\169;\163?','\206Z')][q('\217\6\221\225\53\204\229','\145r\169')](im[q('\169;\163?','\206Z')],q('\134\164\234\142\223\96\139M\206\148M\16!\147\136V\231\213!\246\198\144\221\224\174\206\202(\193\v\211\203\rW|\196\210\b\167\153\"\165\150\205\157','\238\208\158\254\229O\164\127\254\162c!\25\170\166g\213\224\15\192\241\170'),true,3)end)if not jd or not Rh then im[q('\222%\219*','\169D')](q(_k'nPVYvPK4BlF6XAzRHxq/NTHXU/xMrVARTSm18ha+oLgMUi9aHdcOSLc+ddVX/FGjFlwLYw==',_k'3Zt42YDKaSNaM2+yamjaURGgO5kijTZ0OUo='))return nil end local cd,L=im[q('\238\17\255\30\242','\158r')](function()return Xj[q('\250$\20\200^\213\20\52\226\127','\176w[\134\26')](Xj,Rh)end)if not cd then return nil end return L end while not zg[q('x\206\148\20s\212\142\18{','?\155\221W')]do local aj=Yl()local rk=aj and aj[q('{\208\220\3}\229\240M\198\222\26v\228\199','(\181\174u\24\151\162')]if not(im[q('\96\218d\198','\20\163')](rk)==q('wtayf','\3\21'))then im[q('\191\131\186\140','\200\226')](q(_k'02vO07JY7/uSMLGe5Xc9Wul4y/I6dnL2pMz6bIDR4Fjl+Mc2oJj0JTVRrXrP8id4NLvihg==',_k'kgXutsAqgImyX9L9kAVYPskPo5dUVhST0K8='))else di=rk end im[q('\235\190\236\180','\159\223')][q('\219\v\197\30','\172j')](10)end end)repeat im[q('\198\221\193\215','\178\188')][q('4x*m','C\25')](0.016666666666666666)until not di[q('W)\16\155\134u!_\209\193','\27Fq\255\239')]or zg[q(' \161\21\5+\187\15\3#','g\244\\F')]local yf,Ca,Zb,qa,tj,Ip,Xc,th_={[q('\142H\137\27^\216\191R\155Tc\194\190','\218 \236;\17\174')]={[q('L\20g\3q','\3f')]=1},[q('\17\249\194\210\1\225\149\197|\192\205\201\a\228\145\211\57','\\\144\172\187f\128\248\160')]={[q('n\tE\30S','!{')]=2},[q('\179\222A\157\183\192\232R\153\170','\224\187\55\248\217')]={[q('q\17Z\6L','>c')]=3}},{[q("D\245j-\ra\'\\\27\16\166n\233i0CM?LL*\177",'\r\155\fDc\bS%4C\195')]={[q('\192\21\235\2\253','\143g')]=1,[q('\235\255\195\245\199','\162\146')]=q('+ #\130\227r\250\142\217g\24u(npo\219\168\51\167\203\135;\18b2o','YB[\227\144\1\159\250\176\3\"Z\a')},[q('\172\172\6\253\167\172\182\v\243\244','\254\217h\152\135')]={[q('\203\127\224h\246','\132\r')]=2,[q('v\23^\29Z','?z')]=q('\250\235\26\145\202fk\208\203\149C\180\157\177\184Z\197\137!6\149\154\195I\175\128\191','\136\137b\240\185\21\14\164\162\241y\155\178')},[q('\6\233\177;\235^\b\22\243\169,\240HD','U\129\208_\132)(')]={[q('\233\143\194\152\212','\166\253')]=3,[q('\183%\159/\155','\254H')]=q('\167\t\55:v\206\ve\23B\139h\130\201\229_yl1\139_&F\22\137s\158\192','\213kO[\5\189n\17~&\177G\173\248')},[q("}G]\16\56\25fP\16\']",'958qU')]={[q('\241F\218Q\204','\190\52')]=4,[q('\210\179\250\185\254','\155\222')]=q('t\tT\21k\\j\206\192\231*\26\199\169\52R\31M(\24>\130\154\179%\r\216\160','\6k,t\24/\15\186\169\131\16\53\232\152')},[q('\3C\227\tTe\156\54P\225\1_+\174','D1\134l:E\218')]={[q('V\185}\174k','\25\203')]=5,[q(']&u,q','\20K')]=q("m\152\184\166\r\172\147:\6{\169z\197\'/\206\245\242I\234\195w^,\167e\216$",'\31\250\192\199~\223\246No\31\147U\234\22')}},{[q('\231\171>x\250\175>;\223','\183\206JX')]={[q('\147\167\184\176\174','\220\213')]=1,[q('\146\188J\164\182\186V\163','\194\211\57\205')]=im[q('\207U\206\237~\217','\140\19\188')][q('\31\20\6','q')](9909.4902299999994,2907.40771,225.727768,-0.99770516200000003,2.7657637199999997e-07,-0.067708164500000001,2.59595367e-07,1,2.5959545299999999e-07,0.067708164500000001,2.4142301000000001e-07,-0.99770516200000003),[q("\'\163\23\184",'d\204')]=5000,[q('\143\3\29\136\48F\175\15;\131%M','\204vo\250U(')]=q('\175\147y\144\159n\136','\251\250\26')},[q('\219\163\128Aa\221\177\145T1\253','\152\194\242\53A')]={[q('\6b-u;','I\16')]=2,[q('\223\240\231\235\251\246\251\236','\143\159\148\130')]=im[q('\221O\254\255d\233','\158\t\140')][q('\199\204\222','\169')](9901.24316,7681.2260699999997,254.462311,-0.955711961,-3.24498387e-07,0.29430365600000002,-2.5959542399999999e-07,1,2.5959559499999998e-07,-0.29430365600000002,1.7169873000000001e-07,-0.955711961),[q('\18\96\"{','Q\15')]=200000,[q('n\162\53\233W9N\174\19\226B2','-\215G\155\50W')]=q('\154B8\165N/\189','\206+[')},[q('2kOe\176@GAk\179','\96\4-\n\196')]={[q('\176\170\155\189\141','\255\216')]=3,[q('8\170d\195\28\172x\196','h\197\23\170')]=im[q('\218\145\255\248\186\232','\153\215\141')][q('\243\248\234','\157')](9888.1279300000006,13409.247100000001,261.94576999999998,-0.99999755599999995,-2.6017173100000001e-07,0.0022217128399999999,-2.5959562300000003e-07,1,2.5959553799999998e-07,-0.0022217128399999999,2.5901815100000002e-07,-0.99999755599999995),[q('\226.\210\53','\161A')]=2500000,[q('\152\22\49?r\203\184\26\23\52g\192','\219cCM\23\165')]=q('\180\192Y\139\204N\147','\224\169:')},[q('\128\168W\149)\232\149F\130/\187',"\200\209\'\240[")]={[q('?\198\20\209\2','p\180')]=4,[q('\167Q\233\232\131W\245\239','\247>\154\129')]=im[q('N\248\52l\211#','\r\190F')][q('\183\188\174','\217')](9860.1914099999995,20089.099600000001,254.75614899999999,-0.76200717699999998,3.6591973200000002e-07,0.64756858299999998,2.5959570800000002e-07,1,-2.5959556599999998e-07,-0.64756858299999998,-2.9707671000000001e-08,-0.76200717699999998),[q('\179c\131x','\240\f')]=5000000,[q('\161]\219\167\145\6\129Q\253\172\132\r','\226(\169\213\244h')]=q('U\226ej\238rr','\1\139\6')}},{[q('Ahwp','\4\t')]={[q('\174\193\133\214\147','\225\179')]=1},[q(';\228\55\31\244>','v\129S')]={[q('=\248\22\239\0','r\138')]=2},[q('\193}\251x','\137\28')]={[q('/K\4\\\18','\96\57')]=3},[q('<\149|\20\149j','u\251\15')]={[q('M\ff\27p','\2~')]=4}},{[q('\175\197\155,\186\194\142i','\238\171\226\f')]={[q('\213c\254t\232','\154\17')]=1,[q('\253\238\213\228\209','\180\131')]=q(_k'0QRUeH1y8iFgPuC42xJjqJbTPGlK0FlTSf5GZ5pQFS83N65jMGzjoc0SY6iW0zxpStBZU0n+Rmea',_k'o2YsGQ4Bl1UJWtqX9CRanq/lBV9z5mBlcMh/UQ==')},[q('\210\159J\179\252s{\228\158@\247\203hq\241','\133\240$\215\153\1\23')]={[q('3\a\24\16\14','|u')]=2,[q('\167A\143K\139','\238,')]=q('~r6\166\193\164#\139\18\203\211K\211\53(w\244\134\239q\200L\151\218W\206:','\f\16N\199\178\215F\255{\175\233d\252')},[q('*\130Pc\19\rg\26\204sf\20\28z\17','c\236\54\n}d\19')]={[q('\219\145\240\134\230','\148\227')]=3,[q('i\171A\161E',' \198')]=q('\217\222\254\214&\3<\242\31\31\219J@\156\142\178\143mBa\183AC\209]Z\157','\171\188\134\183UpY\134v{\225eo')}},{[q(';','\v')]={[q('\183i\156~\138','\248\27')]=1},[q('\129','\176')]={[q('\158G\181P\163','\209\53')]=2},[q('d','V')]={[q('R)y>o','\29[')]=3},[q('\194','\241')]={[q('!\220\n\203\28','n\174')]=4},[q('W','c')]={[q('\r\185&\174\48','B\203')]=5},[q('E','p')]={[q('\169\200\130\223\148','\230\186')]=6}},{[q('\218X\220\177\128\240\b\240\189\130','\137(\181\218\229')]={[q('\146\199\183\196\161','\197\168')]=q('7\149\212\210\185X\6\143\198\157\132B\a','c\253\177\242\246.')},[q('1\128\226/\29\193\192%\27','|\225\133B')]={[q('\181\249\144\250\134','\226\150')]=q('\172\207\5#\129\f\157\213\23l\188\22\156','\248\167\96\3\206z')},[q('\231\17\200\170\14\197\15\145\156\29\195','\164c\177\217z')]={[q('3U\22V\0','d:')]=q('\173\223\26\161\147\221\156\197\b\238\174\199\157','\249\183\127\129\220\171')},[q('4\3\209\30\nV\250\24\31','xv\191\127')]={[q('!\139\4\136\18','v\228')]=q('{\5.\227\168SJ\31<\172\149IK','/mK\195\231%')},[q('H\29\228?>7\234<','\30r\141[')]={[q('R\142w\141a','\5\225')]=q('\247\129\150\198+e\198\155\132\137\22\127\199','\163\233\243\230d\19')},[q('\4u\2\57lU\t\50','L\16nU')]={[q('N#k }','\25L')]=q('\160\149I\157\253\134\145\143[\210\192\156\144','\244\253,\189\178\240')},[q('\129\248\152\179\217\\\174\227\154\251\232V\168','\207\145\255\219\173\49')]={[q('!3\4\48\18','v\\')]=q('W\173Km\188\57f\183Y\"\129#g','\3\197.M\243O')},[q('\20R\185s\241)D\240X\244!','F3\208\29\147')]={[q('\245O\208L\198','\162 ')]=q('_\\\23u+mnF\5:\22wo','\v\52rUd\27')},[q('\23\195\245\204\48=\138\222\194\57','Z\170\155\165^')]={[q('V-s.e','\1B')]=q('/\160*b\191\1-FB\153%y\185\4)P\a','b\201D\v\216\96@#')},[q('\2\182\208M3\239\247O&','A\207\178(')]={[q('Z\26\127\25