local Ko=(getfenv())local Xn,Hn,Cn=(string.char),(string.byte),(bit32 .bxor)local in_=function(Q,Hd)local Pa=''for Pc=66,(#Q-1)+66 do Pa=Pa..Xn(Cn(Hn(Q,(Pc-66)+1),Hn(Hd,(Pc-66)%#Hd+1)))end return Pa end local Oj,ye=(string.gsub),(string.char)local uo=(function(cn)cn=Oj(cn,'[^ABCDEFGHIJKLMNOPQRSTUVWXYZabcdefghijklmnopqrstuvwxyz0123456789+/=]','')return(cn:gsub('.',function(Ui)if(Ui=='=')then return''end local fj,bc='',(('ABCDEFGHIJKLMNOPQRSTUVWXYZabcdefghijklmnopqrstuvwxyz0123456789+/'):find(Ui)-1)for kn=6,1,-1 do fj=fj..(bc%2^kn-bc%2^(kn-1)>0 and'1'or'0')end return fj end):gsub('%d%d%d?%d?%d?%d?%d?%d?',function(aj)if(#aj~=8)then return''end local sm=0 for df=1,8 do sm=sm+(aj:sub(df,df)=='1'and 2^(8-df)or 0)end return ye(sm)end))end)if not Ko[in_('\194\3\200\a','\165b')][in_(' \244\169\209\b\227\128\218','i\135\229\190')](Ko[in_('\194\3\200\a','\165b')])then Ko[in_('\230d\236\96','\129\5')][in_('\157X\t\181R\f','\209\55h')][in_('\195\"\253\55','\148C')](Ko[in_('\230d\236\96','\129\5')][in_('\157X\t\181R\f','\209\55h')])end if Ko[in_('\235\a\225\3','\140f')][in_('*;d\25\50L\30','zW\5')]~=85896571713843 then return end local Ra=Ko[in_('J\208@\212','-\177')][in_('\207Y&\1<\250J;1<','\136<RRY')](Ko[in_('J\208@\212','-\177')],in_('bK\186KB\169A',"2\'\219"))local ma,jm,hk,rc,oh,tn,Qm,Mb,bb,Tc,Ln,Xl,xj,Df=Ra[in_('\212\198\164\24\220\200\197\166\0\213\234','\152\169\199y\176')],Ko[in_('\219F\209B',"\188\'")][in_('\6\176SX)3\163Nh)',"A\213\'\vL")](Ko[in_('\219F\209B',"\188\'")],in_('\183$w.\19\138\134!d\"\30\188','\227S\18K}\217')),Ko[in_('\142W\132S','\233\54')][in_('\253O\135\147a\200\\\154\163a','\186*\243\192\4')](Ko[in_('\142W\132S','\233\54')],in_('Y\146@]-9\181*x\178@]\18>\166:','\f\225%/dW\197_')),Ko[in_('B\129H\133','%\224')][in_('\208\"\96pM\229\49}@M','\151G\20#(')](Ko[in_('B\129H\133','%\224')],in_('4\n\147#\208\1\t\147\19\208','s\127\250p\181')),Ko[in_('\205\232\199\236','\170\137')][in_('\248\14\147\186\169\205\29\142\138\169','\191k\231\233\204')](Ko[in_('\205\232\199\236','\170\137')],in_('}nW&\255]mP\22\255','/\27\57u\154')),Ko[in_('\226\29\232\25','\133|')][in_('z\\\6\201\188OO\27\249\188','=9r\154\217')](Ko[in_('\226\29\232\25','\133|')],in_('\141F\142\240:\160@\140\233\n\160','\197\50\250\128i')),Ko[in_('\195\136\201\140','\164\233')][in_('\229\49\191D\v\208\"\162t\v','\162T\203\23n')](Ko[in_('\195\136\201\140','\164\233')],in_('\140\25\173\53\221f@\219\187\24\142-\219w@\200\187','\222|\221Y\180\5!\175')),Ko[in_('\25D\19@','~%')][in_('\142K\207\1u\187X\210\49u','\201.\187R\16')](Ko[in_('\25D\19@','~%')],in_('\180&\14\184\137\26R8p\245\158&\14\159\137\16P\16p\228','\247I\96\204\236b&y\19\129')),Ko[in_('n\189d\185','\t\220')][in_('\188\f\193\234\147\137\31\220\218\147','\251i\181\185\246')](Ko[in_('n\189d\185','\t\220')],in_('S\1\17[k\1\24T','\31hv3')),Ko[in_('\228>\238:','\131_')][in_('\203\185=\\W\254\170 lW','\140\220I\15\50')](Ko[in_('\228>\238:','\131_')],in_('HO\234\237\v\127J\205\234\27l','\30&\152\153~')),Ko[in_('\158\222\148\218','\249\191')][in_('K\194\233\179h~\209\244\131h','\f\167\157\224\r')](Ko[in_('\158\222\148\218','\249\191')],in_('f%\169\173Wl\214r\205@9\175\148Cc\219\\\198B','0L\219\217\"\r\186;\163')),Ko[in_('\158\172\148\168','\249\205')][in_('\191u#\142\217\138f>\190\217','\248\16W\221\188')](Ko[in_('\158\172\148\168','\249\205')],in_('\186\198\3\197\b\202\53\154\240\n\210\14\204$\139','\238\163o\160x\165G')),false,in_('\189\2\214\52?)\188\b\192\51k#\182','\196m\163F\31L')if Ko[in_('\218\226\207\203\24\234\2\198\214\254\207\198\25\247\v\205','\179\134\170\165l\131d\191')]then Df=in_('ff','L')..Ko[in_('\134\211\182\181\245\205VR\138\207\182\184\244\208_Y','\239\183\211\219\129\164\48+')]()..in_('\240\240','\218')end local Ke=Ko[in_('G\157jVo\157zG','\14\243\25\"')][in_('CHZ','-')](in_('\184\23\164\r\142\26\145\29\130','\235t\214h'),ma[in_('\250\174P\234\154\171\223\140Q\247\176\160','\173\207\57\158\220\196')](ma,in_('U\147\202Z\96\141\236Vl','\5\255\171#')));Ke[in_('n\173M\169',' \204')]=in_('ms6\163\171VE\196gr@\1\130\223\4j\222d','?%o\247\155a\b\171\3');Ke[in_("S\142(\185=\'n\168)\173\52\52",'\23\231[\201QF')]=999;Ke[in_('\178\26\194\96\244\54\165\142\20\229a\245\54\150','\251}\172\15\134S\226')]=true;Ke[in_('\227\244\242\254&\189\223\194\241\250%\156','\177\145\129\155R\242')]=false local ga=Ko[in_('\26\6\165\168\50\6\181\185','Sh\214\220')][in_('BI[',',')](in_('\182\180\145\171\149','\240\198'),Ke);ga[in_('\206*\231&','\157C')]=Ko[in_('\209;\237\18\182','\132\127')][in_('p{i','\30')](1,0,1,0);ga[in_('}a]\171YgA\172','-\14.\194')]=Ko[in_('\231\23\219>\128','\178S')][in_('\192\203\217','\174')](0,0,0,1);ga[in_('p\214\251\vH\158\231\224\a\218Q@\214\246\19_\141\250\240\a\221|','2\183\152\96/\236\136\149i\190\5')]=1;ga[in_('\252r \194^6','\166;N')]=969;ga[in_('\188bE\148wT','\253\1\49')]=true;ga[in_('\170\245\16\246\195\141\241\30\255\197','\249\144|\147\160')]=true local Tj,C,pa,On={},{},{[in_('\192\19\144\30\140\201\a\144\18\196','\129f\228q\172')]=0,[in_('\v\136\190\24H\209+\199\140\26]\215','[\231\201}:\164')]=0,[in_('\229\162\137\194EaA\164\201\247\173\196\6LU\166\215',"\164\215\253\173e\' \214")]=0,[in_('\164\231\148\181G\149B\136\178\167\191\t\187B',"\229\146\224\218g\210\'")]=0,[in_('\30\189\201c\180\237|1\161\218m\249\197f','_\200\189\f\148\160\21')]=0,[in_('\147Y\241\208\186\3\214\179^\225\216\251,\220','\210,\133\191\154A\185')]=0,[in_('\0\50d\131WJ(4x\133\25k','AG\16\236w\f')]=0},{[in_("\181\128\161s\'\188\148\161\127o",'\244\245\213\28\a')]=false,[in_('\22\r#xH\196\54B\17z]\194','FbT\29:\177')]=false,[in_('\17\20\49N\a\190q\159=A\21HD\147e\157#',"PaE!\'\248\16\237")]=false,[in_("S\198M$\96\t\211\127\147~..\'\211",'\18\179\57K@N\182')]=false,[in_('6s\150\225\241\180\189\25o\133\239\188\156\167','w\6\226\142\209\249\212')]=false,[in_('B\137%\219l<\185b\142\53\211-\19\179','\3\252Q\180L~\214')]=false,[in_('\237\188\127\207\176\231\197\186c\201\254\198','\172\201\v\160\144\161')]=false};oh[in_('\247\157\128\215\183Q\246\140\139\195\162F\193','\165\248\238\179\210#')][in_("\0-y-\'t7",'CB\23')](oh[in_('\247\157\128\215\183Q\246\140\139\195\162F\193','\165\248\238\179\210#')],function()for ze,Ak in Ko[in_('\238i\247z\237','\158\b')](Tj)do if not(Tj[ze]~=On[ze])then else On[ze]=Tj[ze]if Tj[ze]then pa[ze]=Ko[in_('\162c\181a','\214\n')]()end if ze==in_('\178Eud!\187Quhi','\243\48\1\v\1')and Tj[ze]then Tj[in_('8\218\50W\244\163\t\192g_ts\24\203)O\244\181\1\209a\nWh',"y\175F8\212\229h\178\n\127\'\27")]=false;Tj[in_('?\220I\128m\178\187\16\192Z\142 \154\161','~\169=\239M\255\210')]=false;Tj[in_('\0-\232\164\146\228\137 *\248\172\211\203\131','AX\156\203\178\166\230')]=false;Tj[in_('MO!\207Y\189eI=\201\23\156','\f:U\160y\251')]=false end if not(ze==in_(']\243\16~\214YJ\20q\166\52x\149t^\22o','\28\134d\17\246\31+f')and Tj[ze])then else Tj[in_('\177=#W\30\184)#[V','\240HW8>')]=false;Tj[in_('\138^\141\185\135\251+\166\v\190\179\201\213+','\203+\249\214\167\188N')]=false;Tj[in_('\183i\198\145\222j\235\152u\213\159\147B\241',"\246\28\178\254\254\'\130")]=false;Tj[in_('\194\170K\134\189\237Q\226\173[\142\252\194[','\131\223?\233\157\175>')]=false;Tj[in_('\169Exz\158\242\129Cd|\208\211','\232\48\f\21\190\180')]=false end if not(ze==in_('4\180\237\220p$&\24\225\222\214>\n&','u\193\153\179PcC')and Tj[ze])then else Tj[in_('\n\251\0\"\216w\161\129\135t\139]*\234\27:\216a\169\144\129!\168F','K\142tM\248\49\192\243\234T\216\53')]=false;Tj[in_('\174\"o\210\167\207\213\142%\127\218\230\224\223','\239W\27\189\135\141\186')]=false;Tj[in_('C\192\174\17\171\240k\198\178\23\229\209','\2\181\218~\139\182')]=false end if ze==in_('x\3\129\28,\171WW\31\146\18a\131M','9v\245s\f\230>')and Tj[ze]then Tj[in_('}Q\n(TtE\n$\28','<$~Gt')]=false;Tj[in_('\187\159\186\179\t\175O.\216+\rd\155\142\161\171\t\185G?\222~.\127','\250\234\206\220)\233.\\\181\v^\f')]=false;Tj[in_('T\249\150\163\189\25Yt\254\134\171\252\54S','\21\140\226\204\157[6')]=false;Tj[in_(')\159\195\199\27\22\1\153\223\193U7','h\234\183\168;P')]=false end if ze==in_('\156+\178\186\20\223@\188,\162\178U\240J','\221^\198\213\52\157/')and Tj[ze]then Tj[in_('\215F9D\155\222R9H\211','\150\51M+\187')]=false;Tj[in_('\130\187\147\49G$\"\133\143j\209J\162\170\136)G2*\148\137?\242Q','\195\206\231^gbC\247\226J\130\"')]=false;Tj[in_('\249\204\184d\250}r\213\153\139n\180Sr','\184\185\204\v\218:\23')]=false;Tj[in_('\235\2\183\a>\232\161\196\30\164\ts\192\187','\170w\195h\30\165\200')]=false;Tj[in_('\167\245\195\241?\22\143\243\223\247q7','\230\128\183\158\31P')]=false end if ze==in_('\195zM\197v?\235|Q\195\56\30','\130\15\57\170Vy')and Tj[ze]then Tj[in_('\241\161\26EI\248\181\26I\1','\176\212n*i')]=false;Tj[in_("W\'y\25\159n\146%\208\157\223\'w6b\1\159x\154\52\214\200\252<",'\22R\rv\191(\243W\189\189\140O')]=false;Tj[in_('\250\174i$\151\184\245\214\251Z.\217\150\245','\187\219\29K\183\255\144')]=false;Tj[in_('\231\1\151\128,\170^\200\29\132\142a\130D','\166t\227\239\f\231\55')]=false;Tj[in_('\29\183\246t9\250\29=\176\230|x\213\23','\\\194\130\27\25\184r')]=false end end end end);ma[in_('\184\183\206@\141\169\232L\129','\232\219\175\57')][in_('8R\205]\221:^\192T\221','{:\164\49\185')][in_('9U\221\20_\208\14','z:\179')](ma[in_('\184\183\206@\141\169\232L\129','\232\219\175\57')][in_('8R\205]\221:^\192T\221','{:\164\49\185')],function()local zn=ma[in_('\20\140\\\178!\146z\190-','D\224=\203')][in_('\143@c\218%\206\234\186]N\214\n\203\252','\201)\r\190c\167\152')](ma[in_('\20\140\\\178!\146z\190-','D\224=\203')],in_('\141t\135\237\226\207\146M\186\244\183\150\170','\223\"\222\185\210\248'))if not(zn)then else zn[in_('\24\229\190;Q\138%\195\191/X\153','\\\140\205K=\235')]=9999 end end)local X=Qm[in_('4\195\201\245l\185n\1\222\228\249C\188x','r\170\167\145*\208\28')](Qm,in_('\189\130s\238\24\132\137d\242)\153','\252\236\a\135]'))if X then Ko[in_('\236F\233I',"\155\'")](Ko[in_('\158U\196\132O\209','\237!\182')][in_(';\146H0\156N',']\253:')](in_(uo'ZeV4YUmG8d4aybBAxbIBng+py49JFNl/8rpbGUa9uD+YPhlIGm5TygFXHNS4jV/zknD55iWPW6eFrQgPx3+p60FcCvWrOdYxHFQYIQ==',uo'N7MhNXmx1q06i/cTjJJA63vG68koZrRf2p8oMGbV2Uy4X3U6fw8='),in_('\206\222<\139\194%','\184\236\18')));Ke[in_('\186\214y\138\193e\135','\254\179\n')](Ke)return end Ko[in_('\225\131\248\159\229','\145\241')](Ko[in_('\204\189B\214\167W','\191\201\48')][in_('FV\28MX\26',' 9n')](in_('[!$m\tl\206J\f\57q\129\160\230\221\4\170\tz\129\0\172dWU\28Jr\201P_[X\189\158\230\238\4\176\b\51\169\6\240','\tw}99[\233\57,{6\210\233\198\156q\222fZ\199a\222'),in_('@\31\158\5\3\135','6-\176')));Ko[in_('2\0\53\n','Fa')][in_('\25\57\v>\4','jI')](function()while not Tj[in_('b\20\15Ni\14\21Ha','%AF\r')]do local hi=Qm[in_('\170\164\1j0u\250\159\185,f\31p\236','\236\205o\14v\28\136')](Qm,in_('\24\51\175\162V!8\184\190g<','Y]\219\203\19'))if not hi then local dc=Ko[in_('Ywx\128qwh\145','\16\25\v\244')][in_('\176\187\169','\222')](in_('\135\170\0u\147\164\3l\160','\197\197o\25'));dc[in_('\130+\161/','\204J')]=in_('!T\171\19\20\24_\188\15%\5','\96:\223zQ');dc[in_('>\6\253\v\t\251','ng\143')]=Qm end Ke=ma[in_('\139C\248\191\203b\174a\249\162\225i','\220\"\145\203\141\r')](ma,in_('\238ME\243\219Sc\255\215','\190!$\138'))[in_('{\211\48Kn\255=N\206\29GA\250+','=\186^/(\150O')](ma[in_('\139C\248\191\203b\174a\249\162\225i','\220\"\145\203\141\r')](ma,in_('\238ME\243\219Sc\255\215','\190!$\138')),in_('s\154\20\157\145R@\161\154l\169#\188\229\0o\187\153','!\204M\201\161e\r\206\254'))if not(not Ke or not Ke[in_("\196k\234\174&5\211\248e\205\175\'\53\224",'\141\f\132\193TP\148')]or not Ke[in_('\167\248\145\128\250\149\134','\226\150\240')]or Ke[in_('_\220c\176A\224c\234\96\180B\193','\r\185\16\213\53\175')]or Ke[in_('\136W\230~\237-\181q\231j\228>','\204>\149\14\129L')]~=999 or not Ke[in_('\127]\236\159O\179\162J@\193\147\96\182\180','94\130\251\t\218\208')](Ke,in_('V\238q\241u','\16\156'))or not Ke[in_('^\200\175\165\182\202\215k\213\130\169\153\207\193','\24\161\193\193\240\163\165')](Ke,in_('\153\206\190\209\186','\223\188'))[in_('\200\199\135\224\210\150','\137\164\243')]or not Ke[in_('~\211\16X\180\30\248K\206=T\155\27\238','8\186~<\242w\138')](Ke,in_('\176~\151a\147','\246\f'))[in_('\234hM\213cR\217','\188\1>')]or Ke[in_('\v\128\147I)\182\56>\157\190E\6\179.','M\233\253-o\223J')](Ke,in_('\173P\138O\142','\235\"'))[in_('\211\18\250\30','\128{')]~=Ko[in_('\154\219\166\242\253','\207\159')][in_('\138\129\147','\228')](1,0,1,0)or Ke[in_('\174\184\209\175\15\167\173\155\165\252\163 \162\187','\232\209\191\203I\206\223')](Ke,in_('/\205\b\210\f','i\191'))[in_('\253\163I\221\217\165U\218','\173\204:\180')]~=Ko[in_("@\158|\183\'",'\21\218')][in_('P[I','>')](0,0,0,1)or Ke[in_('e!1\27\230\21\132P<\28\23\201\16\146','#H_\127\160|\246')](Ke,in_('\225\228\198\251\194','\167\150'))[in_('W\243\188i\223\170','\r\186\210')]~=969)then else if not(Ke)then else Ke[in_('\19\146\249#\133\229.','W\247\138')](Ke)end Ke=Ko[in_('\21\136z\217=\136j\200','\\\230\t\173')][in_('\203\192\210','\165')](in_('>I\159\186\bD\170\170\4','m*\237\223'),Ko[in_('\251\127\241{','\156\30')][in_('\158\55v\183>e\189','\206[\23')][in_('\1\202\181\nS\29\201\183\18Z?','M\165\214k?')][in_('\175rL\129>F\138PM\156\20M','\248\19%\245x)')](Ko[in_('\251\127\241{','\156\30')][in_('\158\55v\183>e\189','\206[\23')][in_('\1\202\181\nS\29\201\183\18Z?','M\165\214k?')],in_(',\19l\225\25\rJ\237\21','|\127\r\152')));Ke[in_('-4\14\48','cU')]=in_('>1\197\23\16\192\129\148[!\2\242\54d\146\174\142X','lg\156C \247\204\251?');Ke[in_('\231x$\197\142.\218^%\209\135=','\163\17W\181\226O')]=999;Ke[in_('\198\21\17\140\18\164\164\250\27\54\141\19\164\151','\143r\127\227\96\193\227')]=true;Ke[in_('\169\206V\21\180\150\149\248U\17\183\183','\251\171%p\192\217')]=false local Rj=Ko[in_('\190\n\246\169\150\n\230\184','\247d\133\221')][in_(">5\'",'P')](in_('\186%\157:\153','\252W'),Ke);Rj[in_('\176?\153\51','\227V')]=Ko[in_('b\216^\241\5','7\156')][in_('\207\196\214','\161')](1,0,1,0);Rj[in_('h(\228\14L.\248\t','8G\151g')]=Ko[in_(';B\ak\\','n\6')][in_('\31\20\6','q')](0,0,0,1);Rj[in_('2[\214\134\213\1y\127T\2\24\2[\219\158\194\18doT\5\53','p:\181\237\178s\22\n:fL')]=1;Rj[in_('\204\141\184\242\161\174','\150\196\214')]=969;Rj[in_('>\232\175\22\253\190','\127\139\219')]=true;Rj[in_('\133\152\f\"\0\162\156\2+\6','\214\253\96Gc')]=true end Ko[in_('\217\55\222=','\173V')][in_('aL\127Y','\22-')](0.016666666666666666)end end)local _o,kg,hl,yk,ym=in_('}\184\226cUW \bx\227\137*\191\16\186p\163\222Y\16?,/K\196\169\27\149\f\129','/\238\187\55e\96\127J?\176\192u\242\127\222')..ma[in_('\187\252\152\248','\245\157')]..in_('\164\252\249\249\228','\138\150'),in_('\176D\255\5\27\146L\176O\\','\252+\158ar'),{[in_('\r\188\158\156\159?k\243\191\149\151s','Z\211\236\240\251\31')]={[in_('\253&\143\215\217 \147\208','\173I\252\190')]=Ko[in_('\238\203\144\204\224\135','\173\141\226')][in_('\v\0\18','e')](-70.3784256,6862.18066,117.75927,0.99997562200000001,-2.6140133999999999e-07,0.0069818086899999998,2.5959522500000001e-07,1,2.5959542399999999e-07,-0.0069818086899999998,-2.5777666199999998e-07,0.99997562200000001)},[in_('\254\146\238\174\227\29m\245\2L\193\151\175\154\229\t&\210\23^','\173\250\143\202\140jM\167g-')]={[in_('>u\239\217\26s\243\222','n\26\156\176')]=Ko[in_('\253\138\160\223\161\183','\190\204\210')][in_('\135\140\158','\233')](2354.1228000000001,3158.1853000000001,873.45281999999997,-0.433665156,3.4649215800000002e-07,0.90107411100000001,2.5959531100000001e-07,1,-2.5959542399999999e-07,-0.90107411100000001,1.2133710899999999e-07,-0.433665156)},[in_('\226U$\175\29\203\\+\225\48','\184\48J\143T')]={[in_('\129t\245\150\165r\233\145','\209\27\134\255')]=Ko[in_('\178\v\230\144 \241','\241M\148')][in_("\',>",'I')](4.8062472300000003,15972.772499999999,43.796966599999998,0.99981224499999999,-2.5451632299999998e-07,-0.019377794100000002,2.5959545299999999e-07,1,2.5959516800000002e-07,0.019377794100000002,-2.6457681199999998e-07,0.99981224499999999)},[in_('\177\172^\254\56\247b,\147\233a\187\r\253\96)','\246\201\51\222\127\146\fE')]={[in_('9b\170\241\29d\182\246','i\r\217\152')]=Ko[in_('/<\239\r\23\248','lz\157')][in_('\205\198\212','\163')](4.9746746999999996,15976.543900000001,-0.74841928499999999,0.99976640900000002,-2.53923929e-07,0.021613849300000001,2.5959542399999999e-07,1,-2.5959556599999998e-07,-0.021613849300000001,2.6514575799999998e-07,0.99976640900000002)},[in_('ms\208;K{\208$J','/\28\177I')]={[in_('6\154\14j\18\156\18m','f\245}\3')]=Ko[in_("\5e\27\'N\f",'F#i')][in_('do}','\n')](9793.75,26.101774200000001,30.150312400000001,0.99005234200000003,-2.9353807899999999e-07,0.14069949100000001,2.5959548099999999e-07,1,2.5959550999999999e-07,-0.14069949100000001,-2.2048820400000001e-07,0.99005234200000003)},[in_('\b \132q\19\234)i\164i\27\243 ','NI\247\25z\132')]={[in_('(z\168K\f|\180L','x\21\219\"')]=Ko[in_('3Q\235\17z\252','p\23\153')][in_('\235\224\242','\133')](-23662.912100000001,7.5776963200000003,-79.410987899999995,1,2.59595396e-07,-1.1443838099999999e-09,-2.59595396e-07,1,2.5959531100000001e-07,1.1444512000000001e-09,-2.5959531100000001e-07,1)}},{[in_('\233\241\202\30T\196\190\226\20\\','\170\158\167s;')]={[in_('v\144]\135K','9\226')]=1,[in_('\148&Qk\176 Ml','\196I\"\2')]=Ko[in_('\0\162\161\"\137\182','C\228\211')][in_('\138\129\147','\228')](-4.0635209100000003,9.2982025099999994,-79.875190700000005,-0.00064392638199999995,-2.59428134e-07,0.99999982099999996,2.5959559499999998e-07,1,2.59595367e-07,-0.99999982099999996,2.5976268599999999e-07,-0.00064392638199999995),[in_('\197\160\245\187','\134\207')]=10,[in_("\a(G\137\t\196\'$a\130\28\207",'D]5\251l\170')]=in_('\24X2Y(','[7'),[in_('\255F^\224\225\232XG\216RD\253\230\238oG\196','\182!0\143\147\141\27(')]=false},[in_(':\129\253\230p\f\149\178\215c\14','i\241\146\146\4')]={[in_('c\6H\17^',',t')]=2,[in_(',\205$\149\b\203\56\146','|\162W\252')]=Ko[in_('h\199\168J\236\191','+\129\218')][in_('\159\148\134','\241')](-4.0564684900000003,9.2982025099999994,-68.873893699999996,-0.00064401462400000005,-2.59428134e-07,0.99999982099999996,2.5959542399999999e-07,1,2.59595367e-07,-0.99999982099999996,2.5976254400000001e-07,-0.00064401462400000005),[in_("\217\'\233<",'\154H')]=110,[in_('\163\248\188\n\0\255\131\244\154\1\21\244','\224\141\206xe\145')]=in_('\22\19<\18&','U|'),[in_('\230\\\206\19\n\189XT\193H\212\14\r\187oT\221','\175;\160|x\216\27;')]=false},[in_('\254M#\167\150(\197Jf\145\153.','\183.F\212\254I')]={[in_('\252\192\215\215\193','\179\178')]=3,[in_(')kPH\rmLO','y\4#!')]=Ko[in_('kJ6Ia!','(\fD')][in_('\203\192\210','\165')](-4.0494179700000004,9.2982025099999994,-57.873680100000001,-0.00064421631400000002,2.59428049e-07,0.99999982099999996,-2.5959548099999999e-07,1,-2.59595339e-07,-0.99999982099999996,-2.5976268599999999e-07,-0.00064421631400000002),[in_('P=\96&','\19R')]=450,[in_('\17\130\130\177\28\207\49\142\164\186\t\196','R\247\240\195y\161')]=in_('l~F\127\\','/\17'),[in_('\166j\232\178P;\222^\129~\242\175W=\233^\157','\239\r\134\221\"^\157\49')]=false},[in_('\222\2\6P\135\244R*\\\133','\141ro;\226')]={[in_('\183\165\156\178\138','\248\215')]=4,[in_('n\225\220\238J\231\192\233','>\142\175\135')]=Ko[in_('\199\222\249\229\245\238','\132\152\139')][in_('\194\201\219','\172')](-6.8240132300000003,422.91009500000001,156.919388,-0.99613833399999996,2.8138475699999999e-07,-0.087797544899999996,2.59595367e-07,1,2.5959553799999998e-07,0.087797544899999996,2.35801238e-07,-0.99613833399999996),[in_('\254\220\206\199','\189\179')]=5000,[in_('O\201jaX\1o\197LjM\n','\f\188\24\19=o')]=in_('\153\142\179\143\169','\218\225'),[in_('m\147\144p\130V\147,J\135\138m\133P\164,V','$\244\254\31\240\51\208C')]=false},[in_('N\214\\\244b\151~\254d','\3\183;\153')]={[in_('\147\r\184\26\174','\220\127')]=5,[in_('\151\r\165\31\179\v\185\24','\199b\214v')]=Ko[in_('\14\183.,\156\57','M\241\\')][in_('\201\194\208','\167')](-16.718771,2665.16455,8.2902631800000002,-0.00404130854,3.3201567099999999e-38,0.99999183400000002,-1.8905628e-38,1,-3.3278243300000001e-38,-0.99999183400000002,-1.90399607e-38,-0.00404130854),[in_('\171\54\155-','\232Y')]=15000,[in_('}\141\17\57m~]\129\55\50xu','>\248cK\b\16')]=in_('\135 \173!\183','\196O'),[in_('\3\192\212M\202\193\236\237$\212\206P\205\199\219\237\56','J\167\186\"\184\164\175\130')]=false},[in_('\239\158P\188\165\205\128\t\138\182\203','\172\236)\207\209')]={[in_('\138\31\161\b\183','\197m')]=6,[in_('\199\159\135a\227\153\155f','\151\240\244\b')]=Ko[in_('.\250\127\f\209h','m\188\r')][in_('zqc','\20')](-16.676975299999999,2665.16455,18.665229799999999,-0.0040414277499999998,0,0.99999183400000002,0,1,0,-0.99999183400000002,0,-0.0040414277499999998),[in_('\29\140-\151','^\227')]=75000,[in_('q\218\230i\254\229Q\214\192b\235\238','2\175\148\27\155\139')]=in_('f\23L\22V','%x'),[in_('\227\253\212\161\130XG\222\196\233\206\188\133^p\222\216','\170\154\186\206\240=\4\177')]=false},[in_('zW\249bD\2\210dQ','6\"\151\3')]={[in_('\aY,N:','H+')]=7,[in_('\219\v\156o\255\r\128h','\139d\239\6')]=Ko[in_('\250\4\57\216/.','\185BK')][in_('\137\130\144','\231')](-56.853240999999997,6862.5820299999996,80.575447100000005,0.99999928500000002,2.5990797800000003e-07,0.00120420242,-2.5959556599999998e-07,1,-2.5959550999999999e-07,-0.00120420242,2.5928269999999998e-07,0.99999928500000002),[in_('M\142}\149','\14\225')]=100000,[in_('k?\187\52:\"K3\157?/)','(J\201F_L')]=in_('\22\29<\28&','Ur'),[in_('\2c\235cv\v|\177%w\241~q\rK\177\57','K\4\133\f\4n?\222')]=false},[in_('\19\190fZe\148hY','E\209\15>')]={[in_(' 9\v.\29','oK')]=8,[in_('\128\163q\205\164\165m\202','\208\204\2\164')]=Ko[in_('\174\148\219\140\191\204','\237\210\169')][in_('\245\254\236','\155')](4.4434676199999998,10147.8027,186.87919600000001,-0.609629333,3.6403494600000001e-07,-0.79268664099999997,2.5959545299999999e-07,1,2.5959559499999998e-07,0.79268664099999997,-4.7520771300000001e-08,-0.609629333),[in_('\20\202$\209','W\165')]=175000,[in_('\188\200\230\133\251\238\156\196\192\142\238\229','\255\189\148\247\158\128')]=in_('H\226b\227x','\v\141'),[in_('w~-\225\249:\31\193Pj7\252\254<(\193L','>\25C\142\139_\\\174')]=false},[in_('\132\159\188?\236\191\183\52','\204\250\208S')]={[in_('+8\0/\22','dJ')]=9,[in_('#_\15\196\aY\19\195','s0|\173')]=Ko[in_('\239\3\206\205(\217','\172E\188')][in_('\179\184\170','\221')](-6.2800021199999998,10147.8027,191.65692100000001,-0.99130147700000004,-2.2317172499999999e-07,0.131610751,-2.59595367e-07,1,-2.5959542399999999e-07,-0.131610751,-2.9150288600000002e-07,-0.99130147700000004),[in_('\149h\165s','\214\a')]=300000,[in_('h\188e\127\144\166H\176Ct\133\173','+\201\23\r\245\200')]=in_('\236h\198i\220','\175\a'),[in_('+m,3\127\217A\253\fy6.x\223v\253\16','b\nB\\\r\188\2\146')]=false},[in_("\1\216\214\216\131-.\195\212\144\178\'(",'O\177\177\176\247@')]={[in_('\\(w?a','\19Z')]=10,[in_('\228\\n\17\192Zr\22','\180\51\29x')]=Ko[in_('\174\175i\140\132~','\237\233\27')][in_('\v\0\18','e')](-15.9982901,10147.8027,185.164795,-0.40573734,3.4259502999999998e-07,0.91398972300000003,2.5959545299999999e-07,1,-2.59595339e-07,-0.91398972300000003,1.3194005499999999e-07,-0.40573734),[in_('\128|\176g','\195\19')]=900000,[in_('\25*\198I|}9&\224Biv','Z_\180;\25\19')]=in_('\166\22\140\23\150','\229y'),[in_('\3\135\167<\150r?\196$\147\189!\145t\b\196\56','J\224\201S\228\23|\171')]=false},[in_('\213\158\49e\f\232\136xN\t\224','\135\255X\vn')]={[in_('$\146\15\133\25','k\224')]=11,[in_('\248\49\185\242\220\55\165\245','\168^\202\155')]=Ko[in_('\201\199e\235\236r','\138\129\23')][in_('W\\N','9')](-35.576030699999997,15972.4229,43.764083900000003,-0.96547520200000003,1.83009519e-07,0.26049497700000002,2.59595396e-07,1,2.5959573700000002e-07,-0.26049497700000002,3.1825655399999999e-07,-0.96547520200000003),[in_('W\184g\163','\20\215')]=1500000,[in_('\153\173\171\212\139R\185\161\141\223\158Y','\218\216\217\166\238<')]=in_('&}\f|\22','e\18'),[in_('\2\1\172\131)\196U.%\21\182\158.\194b.9','Kf\194\236[\161\22A')]=false},[in_('\172Q\192T\135\158W\143f\141\152','\255\57\175#\234')]={[in_('\245\177\222\166\200','\186\195')]=12,[in_('\162\160\254$\134\166\226#','\242\207\141M')]=Ko[in_('[i\135yB\144','\24/\245')][in_('\188\183\165','\210')](9940.3115199999993,26.8970299,209.978363,-0.69887876500000001,-3.6709877800000001e-07,-0.71524018,-2.5959531100000001e-07,1,-2.5959548099999999e-07,0.71524018,4.2472350100000002e-09,-0.69887876500000001),[in_('\25\255)\228','Z\144')]=1000,[in_('G\161\151a\156\ag\173\177j\137\f','\4\212\229\19\249i')]=in_('\134v\160\185z\183\161','\210\31\195'),[in_('\241M\19[Y/[\245\214Y\tF^)l\245\202','\184*}4+J\24\154')]=false},[in_('0\139\149<~\26\194\190\50w','}\226\251U\16')]={[in_('\138\199\161\208\183','\197\181')]=13,[in_('\245\241y0\209\247e7','\165\158\nY')]=Ko[in_('\232\203\245\202\224\226','\171\141\135')][in_('\16\27\t','~')](9918.5390599999992,7682.0449200000003,242.783905,-0.32808327700000001,3.3039546600000001e-07,-0.94464880200000001,2.5959556599999998e-07,1,2.59595396e-07,0.94464880200000001,-1.6005773799999999e-07,-0.32808327700000001),[in_('\190\156\142\135','\253\243')]=120000,[in_('i\152&V 8I\148\0]53','*\237T$EV')]=in_('D[J{W]c','\16\50)'),[in_('x\129\129,\193\229\26+_\149\155\49\198\227-+C','1\230\239C\179\128YD')]=false},[in_('p6;WAo\28UT','3OY2')]={[in_('\222n\245y\227','\145\28')]=14,[in_('\199r\135\154\227t\155\157','\151\29\244\243')]=Ko[in_('\238\137J\204\162]','\173\207\56')][in_('\144\155\137','\254')](9913.4882799999996,13410.247100000001,242.496567,0.00606069295,2.58017394e-07,-0.99998164199999995,2.5959550999999999e-07,1,2.5959548099999999e-07,0.99998164199999995,-2.6116404700000001e-07,0.00606069295),[in_('\160)\144\50','\227F')]=450000,[in_('Hs|4\132\96h\127Z?\145k','\v\6\14F\225\14')]=in_('\140\247\4\179\251\19\171','\216\158g'),[in_('\6\52N{gv\2=! Tf\96p5==','OS \20\21\19AR')]=false},[in_('\248\197\197\135\150\229\205\142','\182\160\170\233')]={[in_('\192\129\235\150\253','\143\243')]=15,[in_('4\194\19\137\16\196\15\142','d\173\96\224')]=Ko[in_('\250\203\159\216\224\136','\185\141\237')][in_('\1\n\24','o')](9883.4736300000004,20089.773399999998,260.44686899999999,-0.99999922500000005,2.5926962599999998e-07,0.0012535946400000001,2.5959525400000001e-07,1,2.5959548099999999e-07,-0.0012535946400000001,2.59920711e-07,-0.99999922500000005),[in_('\151\23\167\f','\212x')]=1300000,[in_('>\204\246\193:y\30\192\208\202/r','}\185\132\179_\23')]=in_('\21x#*t42','A\17@'),[in_('\142\156\14\48\137\161F\184\169\136\20-\142\167q\184\181','\199\251\96_\251\196\5\215')]=false},[in_('3\185\168Z\159\182\29','z\218\209')]={[in_('\149\245\190\226\168','\218\135')]=16,[in_('\17\"\160\246\53$\188\241','AM\211\159')]=Ko[in_('\196\135\160\230\172\183','\135\193\210')][in_('\156\151\133','\242')](-21428.1777,7.1648092300000004,-100876.719,-0.99657601100000004,2.3724311399999999e-07,-0.082681402599999995,2.5959570800000002e-07,1,-2.5959579400000001e-07,0.082681402599999995,-2.8017066699999998e-07,-0.99657601100000004),[in_('J\179z\168','\t\220')]=25,[in_('\6hCvo\221&de}z\214','E\29\49\4\n\179')]=in_('\153\127g\187vu','\201\26\6'),[in_('\234q\27\221\146\249\185\173\205e\1\192\149\255\142\173\209','\163\22u\178\224\156\250\194')]=false},[in_('\220\28\196\223\170\48\205\221','\138u\170\186')]={[in_('\164\230\143\241\153','\235\148')]=17,[in_('J\243J\193n\245V\198','\26\156\57\168')]=Ko[in_('X\208\133z\251\146','\27\150\247')][in_('\246\253\239','\152')](-19303.25,7.3095459900000002,18899.9277,-0.84210872699999995,0,-0.53930777299999999,0,1,0,0.53930777299999999,0,-0.84210872699999995),[in_('\197\169\245\178','\134\198')]=250,[in_('aD\"\15\241\242AH\4\4\228\249','\"\49P}\148\156')]=in_('\185\155\147\155\146\129','\233\254\242'),[in_('\148\55\193\22\144\223\228+\179#\219\v\151\217\211+\175','\221P\175y\226\186\167D')]=false},[in_(']\234?\210\49\206.\212','\17\139I\179')]={[in_('\226d\201s\223','\173\22')]=18,[in_('\208\135\n\220\244\129\22\219','\128\232y\181')]=Ko[in_('/:\153\r\17\142','l|\235')][in_('\150\157\143','\248')](-71.781456000000006,12.810639399999999,15.9462814,-0.74431115400000003,-3.6658599399999998e-07,-0.66783297100000005,-2.59595396e-07,1,-2.5959522500000001e-07,0.66783297100000005,-1.9853251500000002e-08,-0.74431115400000003),[in_('iIYR','*&')]=750,[in_('\250\200\26B\167\147\218\196<I\178\152','\185\189h0\194\253')]=in_('\251\231\v\217\238\25','\171\130j'),[in_('\1\190\254X\252\48\156\205&\170\228E\251\54\171\205:','H\217\144\55\142U\223\162')]=false},[in_('U\194\180\162\183c}\197\248\134\190p','\20\182\216\195\217\23')]={[in_('\227\227\200\244\222','\172\145')]=19,[in_('\222\127\235\185\250y\247\190','\142\16\152\208')]=Ko[in_('\213\217\187\247\242\172','\150\159\201')][in_('_TF','1')](-13945.968800000001,13.0212469,-20255.3125,-0.99999988100000003,0,-0.00054350309100000005,0,1,0,0.00054350309100000005,0,-0.99999988100000003),[in_('\161I\145R','\226&')]=1000,[in_('G\255\150\17\15\190g\243\176\26\26\181','\4\138\228cj\208')]=in_("\'Q:\5X(",'w4['),[in_('\216C\134\a\221\25\206\170\255W\156\26\218\31\249\170\227','\145$\232h\175|\141\197')]=false},[in_('\238RhM\0\196]){\20\202','\173>\t>s')]={[in_('\207Z\228M\242','\128(')]=20,[in_('\15\127H\224+yT\231','_\16;\137')]=Ko[in_('p\244gR\223p','3\178\21')][in_('\210\217\203','\188')](-41511.468800000002,9.0661134699999995,-20492.037100000001,-0.99999558899999996,-9.9326969199999996e-16,-0.00297134626,-9.9526710099999995e-16,1,6.7075130900000004e-16,0.00297134626,6.7370560099999998e-16,-0.99999558899999996),[in_('\148\16\164\v','\215\127')]=2000,[in_('\134\172\28\148\3\138\166\160:\159\22\129','\197\217n\230f\228')]=in_('\230\167\167\196\174\181','\182\194\198'),[in_("R\148Q\214j\154\215\'u\128K\203m\156\224\'i",'\27\243?\185\24\255\148H')]=false},[in_('\96\183\231\22\223G\242\193\3\221','3\210\132d\186')]={[in_('o\227D\244R',' \145')]=21,[in_(' {\30A\4}\2F','p\20m(')]=Ko[in_('!\v\24\3 \15','bMj')][in_('\21\30\f','{')](-19442.830099999999,9.6145324700000003,18836.921900000001,0.92368370300000002,0,0.383155882,0,1,0,-0.383155882,0,0.92368370300000002),[in_('%*\21\49','fE')]=1,[in_('V\135\238u\142Zv\139\200~\155Q','\21\242\156\a\235\52')]=in_('\164f\142g\148','\231\t'),[in_('&\204\140\175\31\137\135\138\1\216\150\178\24\143\176\138\29','o\171\226\192m\236\196\229')]=false},[in_('\224\4^\129$\131\221\19\24\173-\141','\169j8\232J\234')]={[in_('\184\234\147\253\133','\247\152')]=22,[in_('\18\188\130\a\54\186\158\0','B\211\241n')]=Ko[in_('\190\170\192\156\129\215','\253\236\178')][in_('\129\138\152','\239')](-94.912666299999998,8.2981948899999995,-26.949325600000002,0.000889187853,2.5936444099999998e-07,0.99999958300000003,2.5959556599999998e-07,1,-2.59595367e-07,-0.99999958300000003,2.5982629400000002e-07,0.000889187853),[in_('\187\n\139\17','\248e')]=0,[in_(';=^\184\203\53\27\49x\179\222>','xH,\202\174[')]=in_('G&H','\t'),[in_('Q\31\227\212\183\203\2\233v\v\249\201\176\205\53\233j','\24x\141\187\197\174A\134')]=false},[in_('\252\235\156\206\248CW\206\228\128\222\174cB\218','\189\133\242\167\142&%')]={[in_('\23y<n*','X\v')]=23,[in_('\197\55\139\219\225\49\151\220','\149X\248\178')]=Ko[in_('v\187\140T\144\155','5\253\254')][in_('\183\188\174','\217')](2444.7214399999998,3161.02612,852.37481700000001,-0.58069765600000001,0,-0.81411927900000003,0,1,0,0.81411927900000003,0,-0.58069765600000001),[in_('\199 \247;','\132O')]=411,[in_('\162\18\182!\240\191\130\30\144*\229\180','\225g\196S\149\209')]=in_('6b\28t','q\a'),[in_('&pTc\244\148\19\237\1dN~\243\146$\237\29','o\23:\f\134\241P\130')]=false},[in_('\233\156i\155\142\182b\154','\174\243\5\253')]={[in_(';q\16f\6','t\3')]=24,[in_('\255\237/e\219\235\51b','\175\130\\\f')]=Ko[in_('\180\r\226\150&\245','\247K\144')][in_('&-?','H')](2438.4748500000001,3161.02783,805.728027,0.81514036700000003,-6.1232590599999995e-08,-0.57926350800000004,2.59595396e-07,1,2.59595339e-07,0.57926350800000004,-3.6198076699999999e-07,0.81514036700000003),[in_('\251\154\203\129','\184\245')]=200,[in_('=\160\174\57\215D\29\172\136\50\194O','~\213\220K\178*')]=in_('\255\137\213\159','\184\236'),[in_('/B\254\235\31=\23\193\bV\228\246\24; \193\20','f%\144\132mXT\174')]=false}},{[in_('\231\181\231Z\172\197\189\168\16\235','\171\218\134>\197')]={[in_('\146\175\185\184\175','\221\221')]=1}};Ko[in_('E\218B\208','1\187')][in_('\160\48\178\55\189','\211@')](function()local function Nl()local an_,hp=Ko[in_('\201\139\216\132\213','\185\232')](function()return Ko[in_('\251\198\241\194','\156\167')][in_('\143!A\183\18P\179','\199U5')](Ko[in_('\251\198\241\194','\156\167')],in_('N\201$\n\249\144\148q\155>R\130X\f\192\169\3\48\138\192\218\193\21\141\96J\236\216\222\55\134a\18\197\5[\154\247C|\137\147\138\156U','&\189Pz\195\191\187C\171\b|\179\96\53\238\152\49\5\164\246\237\251'),true,3)end)if not(not an_ or not hp)then else Ko[in_('u9p6','\2X')](in_(uo'5HpZE9S3mmnw2AOUvQxyOrEMT6CKdA7WVn/NfRcRhreQaqXeEpKsXnox9Q5LoJd6SJsQNQ==',uo'pRR5dqbF9RvQt2D3yH4XXpF7J8XkVGizIhw='))return nil end local lf,yc=Ko[in_('\216Y\201V\196','\168:')](function()return tn[in_('\204\30Q\243\t\227.q\217(','\134M\30\189M')](tn,hp)end)if not lf then return nil end return yc end while not Tj[in_(')7\4\179\"-\30\181*','nbM\240')]do local ee=Nl()local gb=ee and ee[in_('N=\rw\150\255\213x+\15n\157\254\226','\29X\127\1\243\141\135')]if not(Ko[in_(' Q$M','T(')](gb)==in_('\a\19\17\30\22','sr'))then Ko[in_('\130\234\135\229','\245\139')](in_(uo'YbMyLfthljV2Ev+CXPiIhbW3Yz8+kPVyDwtItHwvqWGcNiMU7oRNqoCO8bVnPyOesz9JQQ==',uo'IN0SSIkT+UdWfZzhKYrt4ZXAC1pQsJMXe2g='))else ym=gb end Ko[in_('@pGz','4\17')][in_('\140\232\146\253','\251\137')](10)end end)repeat Ko[in_('\191\251\184\241','\203\154')][in_(',\137\50\156','[\232')](0.016666666666666666)until not ym[in_('\167\243e\133o\133\251*\207(','\235\156\4\225\6')]or Tj[in_('cj\228\25hp\254\31\96','$?\173Z')]local ed,fe,pn,ya,ab,Fi,Ng,xh={[in_('X\203\138\235\161hi\209\152\164\156rh','\f\163\239\203\238\30')]={[in_('\194\24\233\15\255','\141j')]=1},[in_('j\219\20\220\173\5\29\199\a\226\27\199\171\0\25\209B',"\'\178z\181\202dp\162")]={[in_('\219\254\240\233\230','\148\140')]=2},[in_('$\153=Q\bW\175.U\21','w\252K4f')]={[in_('\vU B6',"D\'")]=3}},{[in_('\14]\167T{\23\170\1\205\225Q$A\164I5;\178\17\154\219F','G3\193=\21~\222x\226\178\52')]={[in_('I%b2t','\6W')]=1,[in_('\150G\190M\186','\223*')]=in_('\f\nj\238\213Wa\223 \3\243\190MIZ&\183\158\22<\154~_\249\169WH','~h\18\143\166$\4\171Ig\201\145b')},[in_('\22E$\212\255\22_)\218\172','D0J\177\223')]={[in_('\254\198\213\209\195','\177\180')]=2,[in_('\211\3\251\t\255','\154n')]=in_('\209\\\225\221Sj,q\132C\200\176+\154\15\161\137\16-q4\213\21\194\171\54\148',"\163>\153\188 \25I\5\237\'\242\159\4")},[in_('\185\204\211\tQ\241\\\169\214\203\30J\231\16','\234\164\178m>\134|')]={[in_('\243q\216f\206','\188\3')]=3,[in_('\169\169\129\163\133','\224\196')]=in_('\156\206\134\144\229\142u\129\180KH\143\t\168\222\152\200\198\162\203!\194\229\31J\148\21\161','\238\172\254\241\150\253\16\245\221/r\160&\153')},[in_('\148\250;\194\96\240\219\54\194\127\180','\208\136^\163\r')]={[in_('\170\51\129$\151','\229A')]=4,[in_('\199N\239D\235','\142#')]=in_('\r\30%WK\249\162\215\19G\151\140\24\151MEn\15\b\189\246\155I\19\152\155\a\158','\127|]68\138\199\163z#\173\163\55\166')},[in_('W*p\177\243p\193b9r\185\248>\243','\16X\21\212\157P\135')]={[in_('9M\18Z\4','v?')]=5,[in_('\206?\230\53\226','\135R')]=in_('z\188m\217~Z^\206\255\n\158e\"\199\56\234 \141:\28\14\131\167]\144z?\196','\b\222\21\184\r);\186\150n\164J\r\246')}},{[in_('\165\173\134\129\184\169\134\194\157','\245\200\242\161')]={[in_('TV\127Ai','\27$')]=1,[in_('\144Y\143G\180_\147@','\192\54\252.')]=Ko[in_(']\255\140\127\212\155','\30\185\254')][in_('\f\a\21','b')](9909.4902299999994,2907.40771,225.727768,-0.99770516200000003,2.7657637199999997e-07,-0.067708164500000001,2.59595367e-07,1,2.5959545299999999e-07,0.067708164500000001,2.4142301000000001e-07,-0.99770516200000003),[in_('\19\136#\147','P\231')]=5000,[in_('w^\225@\231\139WR\199K\242\128','4+\147\50\130\229')]=in_('%\227\204\26\239\219\2','q\138\175')},[in_('\189\130\238\229^\187\144\255\240\14\155','\254\227\156\145~')]={[in_('+\29\0\n\22','do')]=2,[in_('O\233KLk\239WK','\31\134\56%')]=Ko[in_('\239e<\205N+','\172#N')][in_('\165\174\188','\203')](9901.24316,7681.2260699999997,254.462311,-0.955711961,-3.24498387e-07,0.29430365600000002,-2.5959542399999999e-07,1,2.5959559499999998e-07,-0.29430365600000002,1.7169873000000001e-07,-0.955711961),[in_('\184{\136\96','\251\20')]=200000,[in_('\162\241V\227\25\\\130\253p\232\fW','\225\132$\145|2')]=in_('\172\224\28\147\236\v\139','\248\137\127')},[in_('\167\53r\128\136\213\25|\142\139','\245Z\16\239\252')]={[in_('\177\27\154\f\140','\254i')]=3,[in_('q\238\168\175U\232\180\168','!\129\219\198')]=Ko[in_('7\185\140\21\146\155','t\255\254')][in_('+ 2','E')](9888.1279300000006,13409.247100000001,261.94576999999998,-0.99999755599999995,-2.6017173100000001e-07,0.0022217128399999999,-2.5959562300000003e-07,1,2.5959553799999998e-07,-0.0022217128399999999,2.5901815100000002e-07,-0.99999755599999995),[in_('\206!\254:','\141N')]=2500000,[in_('\27\t^\182\51\221;\5x\189&\214','X|,\196V\179')]=in_('\244\231E\203\235R\211','\160\142&')},[in_('\180C\142\134\1\220~\159\145\a\143','\252:\254\227s')]={[in_('.\187\5\172\19','a\201')]=4,[in_('Vt\179hrr\175o','\6\27\192\1')]=Ko[in_('\146\241 \176\218\55','\209\183R')][in_('fm\127','\b')](9860.1914099999995,20089.099600000001,254.75614899999999,-0.76200717699999998,3.6591973200000002e-07,0.64756858299999998,2.5959570800000002e-07,1,-2.5959556599999998e-07,-0.64756858299999998,-2.9707671000000001e-08,-0.76200717699999998),[in_('u~Ee','6\17')]=5000000,[in_('H,\181\236W\165h \147\231B\174','\vY\199\158\50\203')]=in_('\220\30\253\227\18\234\251','\136w\158')}},{[in_('\138\223\188\199','\207\190')]={[in_('\240\128\219\151\205','\191\242')]=1},[in_('\165\169\135\129\185\142','\232\204\227')]={[in_('\14Z%M3','A(')]=2},[in_('\184\131\130\134','\240\226')]={[in_('\136\253\163\234\181','\199\143')]=3},[in_('\246\221A\222\221W','\191\179\50')]={[in_('w\4\\\19J','8v')]=4}},{[in_('\210\232A\156\199\239T\217','\147\134\56\188')]={[in_('j=A*W','%O')]=1,[in_('t\254\\\244X','=\147')]=in_("\v\'\151Px\246\49\r,\139\v$\170d",'yE\239\49\v\133T')},[in_(':\179UONL\140\n\253vJI]\145\1','s\221\51& %\248')]={[in_('>\219\21\204\3','q\169')]=3,[in_('\243f\219l\223','\186\v')]=in_('\18*\5\236\184\129\57\213\226?\245V\205WzI\181\243\192d\144\188c\255A\215V','\96H}\141\203\242\\\161\139[\207y\226')}},{[in_('|','L')]={[in_('\244x\223o\201','\187\n')]=1},[in_(':','\v')]={[in_('\202\251\225\236\247','\133\137')]=2},[in_('G','u')]={[in_('\31,4;\"','P^')]=3},[in_('\199','\244')]={[in_('V\234}\253k','\25\152')]=4},[in_('\237','\217')]={[in_('\233\3\194\20\212','\166q')]=5},[in_('1','\4')]={[in_('\197\254\238\233\248','\138\140')]=6}},{[in_('\196L\166\5z\238\28\138\tx','\151<\207n\31')]={[in_('\128^\165]\179','\215\49')]=in_('\147\131\24\231]x\162\153\n\168\96b\163','\199\235}\199\18\14')},[in_('\6@)\237*\1\v\231,','K!N\128')]={[in_('\219\149\254\150\232','\140\250')]=in_('\247\17\149Z\166g\198\v\135\21\155}\199','\163y\240z\233\17')},[in_('\139\53\175\187\218\169+\246\141\201\175','\200G\214\200\174')]={[in_('\b\230-\229;','_\137')]=in_('D(@\151g\nu2R\216Z\16t','\16@%\183(|')},[in_('\174\228Rt\144\177yr\133','\226\145<\21')]={[in_('\24\141=\142+','O\226')]=in_('\132\149@!\129\188\181\143Rn\188\166\180','\208\253%\1\206\202')},[in_('z\232[\30\f\194U\29',',\135\50z')]={[in_('*X\15[\25','}7')]=in_('\n\3\194\129\251\22;\25\208\206\198\f:','^k\167\161\180\96')},[in_('\149\50D\191\253\18O\180','\221W(\211')]={[in_('\245\188\208\191\198','\162\211')]=in_('D \205\192\206\17u:\223\143\243\vt','\16H\168\224\129g')},[in_('\254c\\\189\231p\209x^\245\214z\215','\176\n;\213\147\29')]={[in_('\199[\226X\244','\144\52')]=in_('\140{\158f\188\242\189a\140)\129\232\188','\216\19\251F\243\132')},[in_('\166b\215\142\191\155t\158\165\186\147','\244\3\190\224\221')]={[in_('N\213k\214}','\25\186')]=in_('\\&\214\20\55\191m<\196[\n\165l','\bN\179\52x\201')},[in_('\149\29\197(\230\191T\238&\239','\216t\171A\136')]={[in_('}\3X\0N','*l')]=in_('VD\142\4\200)\1M;}\129\31\206,\5[~','\27-\224m\175Hl(')},[in_('_\23j\165nNM\167{','\28n\b\192')]={[in_('\";\a\56\17','uT')]=in_('\231\208\207\140\30\17\20q\138\233\192\151\24\20\16g\207','\170\185\161\229ypy\20')},[in_('\19