local B=(getfenv())local Dn,wm,Ln=(string.char),(string.byte),(bit32 .bxor)local rk=function(fa_,jd)local Wg=''for Cg=227,(#fa_-1)+227 do Wg=Wg..Dn(Ln(wm(fa_,(Cg-227)+1),wm(jd,(Cg-227)%#jd+1)))end return Wg end local Vf,ik=(string.gsub),(string.char)local xk=(function(la)la=Vf(la,'[^ABCDEFGHIJKLMNOPQRSTUVWXYZabcdefghijklmnopqrstuvwxyz0123456789+/=]','')return(la:gsub('.',function(ki)if(ki=='=')then return''end local va,Cl='',(('ABCDEFGHIJKLMNOPQRSTUVWXYZabcdefghijklmnopqrstuvwxyz0123456789+/'):find(ki)-1)for Da=6,1,-1 do va=va..(Cl%2^Da-Cl%2^(Da-1)>0 and'1'or'0')end return va end):gsub('%d%d%d?%d?%d?%d?%d?%d?',function(sg)if(#sg~=8)then return''end local ym=0 for _j=1,8 do ym=ym+(sg:sub(_j,_j)=='1'and 2^(8-_j)or 0)end return ik(ym)end))end)if not B[rk('\246\174\252\170','\145\207')][rk('m\167\217\135E\176\240\140','$\212\149\232')](B[rk('\246\174\252\170','\145\207')])then B[rk('R\192X\196','5\161')][rk('k\203cC\193f',"\'\164\2")][rk('\243\223\205\202','\164\190')](B[rk('R\192X\196','5\161')][rk('k\203cC\193f',"\'\164\2")])end if not(B[rk('n\246d\242','\t\151')][rk('\24\131\26+\138\50,','H\239{')]~=85896571713843)then else return end local Cb=B[rk('\201\136\195\140','\174\233')][rk('\152F\194\133\219\173U\223\181\219','\223#\182\214\190')](B[rk('\201\136\195\140','\174\233')],rk('\183\245J\158\252Y\148','\231\153+'))local Tl,Ig,x,Hd,Xn,Va,Fd,S,Uk,Dh,Wd,Uc,de=Cb[rk('W\208=\248PK\211?\224Yi','\27\191^\153<')],B[rk('\v+\1/','lJ')][rk('\138\212C\169v\191\199^\153v','\205\177\55\250\19')](B[rk('\v+\1/','lJ')],rk('\148\198\a\196re\165\195\20\200\127S','\192\177b\161\28\54')),B[rk('\239\202\229\206','\136\171')][rk('\149\219?\184\244\160\200\"\136\244','\210\190K\235\145')](B[rk('\239\202\229\206','\136\171')],rk('p\207\225\18X\237\135%Q\239\225\18g\234\148\53','%\188\132\96\17\131\247P')),B[rk('w\19}\23','\16r')][rk('\159\184\230\51\147\170\171\251\3\147','\216\221\146\96\246')](B[rk('w\19}\23','\16r')],rk('~\186\4\1\199K\185\4\49\199','9\207mR\162')),B[rk('\160@\170D','\199!')][rk('8\173\156L\17\r\190\129|\17','\127\200\232\31t')](B[rk('\160@\170D','\199!')],rk('g\221*\216yG\222-\232y','5\168D\139\28')),B[rk('\165\n\175\14','\194k')][rk('\25\163K\139\173,\176V\187\173','^\198?\216\200')](B[rk('\165\n\175\14','\194k')],rk('\te_(\145$c]1\161$','A\17+X\194')),B[rk('\191n\181j','\216\15')][rk('_\242\162p\210j\225\191@\210','\24\151\214#\183')](B[rk('\191n\181j','\216\15')],rk('n\162\5\251J\27\206AY\163&\227L\n\206RY','<\199u\151#x\175\53')),B[rk('\154\137\144\141','\253\232')][rk('n\172\171\143\192[\191\182\191\192',')\201\223\220\165')](B[rk('\154\137\144\141','\253\232')],rk('\164\211\197\19\132\212\163l \31\142\211\197\52\132\222\161D \14','\231\188\171g\225\172\215-Ck')),B[rk('\172\174\166\170','\203\207')][rk('\224\223D\169r\213\204Y\153r','\167\186\48\250\23')](B[rk('\172\174\166\170','\203\207')],rk('\155\245\237\178\163\245\228\189','\215\156\138\218')),B[rk('m\25g\29','\nx')][rk('\169r\237\18\166\156a\240\"\166','\238\23\153A\195')](B[rk('m\25g\29','\nx')],rk('L\214\127\184\198{\211X\191\214h','\26\191\r\204\179')),B[rk('\24\5\18\1','\127d')][rk('<\23\22[x\t\4\vkx','{rb\b\29')](B[rk('\24\5\18\1','\127d')],rk('nS8\190\245\199\232\233\234HO>\135\225\200\229\199\225J','8:J\202\128\166\132\160\132')),B[rk('o5e1','\bT')][rk("{4\161\203cN\'\188\251c",'<Q\213\152\6')](B[rk('o5e1','\bT')],rk('gg%o\176X\255GQ,x\182^\238V','3\2I\n\192\55\141')),B[rk('\26\30\167v2\30\183g','Sp\212\2')][rk('\208\219\201','\190')](rk('!b\181.\23o\128>\27','r\1\199K'),B[rk('\248{\242\127','\159\26')][rk('\21\233\238<\224\253\54','E\133\143')][rk('\204\23d\133\235\208\20f\157\226\242','\128x\a\228\135')][rk('\144\252\224rZ\n\181\222\225op\1','\199\157\137\6\28e')](B[rk('\248{\242\127','\159\26')][rk('\21\233\238<\224\253\54','E\133\143')][rk('\204\23d\133\235\208\20f\157\226\242','\128x\a\228\135')],rk('-\139\212\151\24\149\242\155\20','}\231\181\238')));de[rk('\159\171\188\175','\209\202')]=rk('G\227\187\167\51\238)\229\rX\208\140\134G\188\6\255\14','\21\181\226\243\3\217d\138i');de[rk('\219H\18\165\198\235\230n\19\177\207\248','\159!a\213\170\138')]=999;de[rk('\201\186UU\19^\197\245\180rT\18^\246','\128\221;:a;\130')]=true;de[rk('p\175^\166\148\250L\153]\162\151\219','\"\202-\195\224\181')]=false local aa=B[rk('\153\139\210\247\177\139\194\230','\208\229\161\131')][rk('\20\31\r','z')](rk('k9L&H','-K'),de);aa[rk('\210d\251h','\129\r')]=B[rk('X\227d\202?','\r\167')][rk(';0\"','U')](1,0,1,0);aa[rk('A\247\215\20e\241\203\19','\17\152\164}')]=B[rk('\23\194+\235p','B\134')][rk('\195\200\218','\173')](0,0,0,1);aa[rk('/\248\20\239\16\53\28\16!u\225\31\248\25\247\a&\1\0!r\204','m\153w\132wGseO\17\181')]=1;aa[rk('g\134;Y\170-','=\207U')]=969;aa[rk('\142\166\n\166\179\27','\207\197~')]=true;aa[rk('\4\26E,~#\30K%x','W\127)I\29')]=true local Zk,Kj,og,pn={},{},{[rk('\162Y\14\52\213\171M\14\56\157','\227,z[\245')]=0,[rk('\245n\191\173@\19\254\218r\172\163\r;\228','\180\27\203\194\96^\151')]=0,[rk('\185\241\205]E\164\231\153\246\221U\4\139\237','\248\132\185\50e\230\136')]=0,[rk('P \130CK\127y|u\177I\5Qy','\17U\246,k8\28')]=0,[rk(':\17F\228]P\18\23Z\226\19q','{d2\139}\22')]=0,[rk('\160\139\133\210#q\16?\140\222\161\212\96\\\4=\146','\225\254\241\189\3\55qM')]=0},{[rk("K\'\156\251CB3\156\247\v",'\nR\232\148c')]=false,[rk('\227 \201\132\135f6\204<\218\138\202N,','\162U\189\235\167+_')]=false,[rk('\249\157\15\188\127\192g\217\154\31\180>\239m','\184\232{\211_\130\b')]=false,[rk('\234(\233!\153\179\52\198}\218+\215\157\52','\171]\157N\185\244Q')]=false,[rk('\249\198\57\196\191\172\209\192%\194\241\141','\184\179M\171\159\234')]=false,[rk('\251\154\131\207xY\19q\215\207\167\201;t\as\201','\186\239\247\160X\31r\3')]=false};Xn[rk('\137\235#\222\233\234\136\250(\202\252\253\191','\219\142M\186\140\152')][rk('\b\163\243%\169\254?','K\204\157')](Xn[rk('\137\235#\222\233\234\136\250(\202\252\253\191','\219\142M\186\140\152')],function()for _o,Yj in B[rk('\22e\15v\21','f\4')](og)do if Zk[_o]and not pn[_o]then og[_o]=B[rk('\220\53\203\55','\168\\')]()end end if not(Zk[rk('n\179\129\213\198]\173\bB\230\165\211\133p\185\n\\','/\198\245\186\230\27\204z')]and not pn[rk('\2\147\145\21Z\133\233\224.\198\181\19\25\168\253\226\48','C\230\229zz\195\136\146')])then else Zk[rk('\199\218\133(0\206\206\133$x','\134\175\241G\16')]=false;Zk[rk('\157\237qN\231Xr\178\241b@\170ph','\220\152\5!\199\21\27')]=false;Zk[rk('\14L\150\249\31\235\133.K\134\241^\196\143','O9\226\150?\169\234')]=false;Zk[rk('\216\199R#\n\175\t\244\146a)D\129\t','\153\178&L*\232l')]=false;Zk[rk('\189I:\25\48<\149O&\31~\29','\252<Nv\16z')]=false end if(Zk[rk('\172\173\227\52}\165\185\227\56\53','\237\216\151[]')]and not pn[rk('\143\185\179\20$\134\173\179\24l','\206\204\199{\4')])or(Zk[rk('asA\180\a\\\233NoR\186Jt\243'," \6\53\219\'\17\128")]and not pn[rk('b5\23\197n\27;M)\4\203#3!','#@c\170NVR')])or(Zk[rk('\168o\147\180\21yG\136h\131\188TVM','\233\26\231\219\53;(')]and not pn[rk('\195S\245)\205\133\151\227T\229!\140\170\157','\130&\129F\237\199\248')])or(Zk[rk('\206+\137\51NkB\226~\186\57\0EB',"\143^\253\\n,\'")]and not pn[rk("H6\147\96\'\224cdc\160ji\206c",'\tC\231\15\a\167\6')])or(Zk[rk('&\231\170\227\175Z\14\225\182\229\225{','g\146\222\140\143\28')]and not pn[rk('\a\222\219t\162\247/\216\199r\236\214','F\171\175\27\130\177')])then Zk[rk('\165\246\234\170\228\168\245/\137\163\206\172\167\133\225-\151','\228\131\158\197\196\238\148]')]=false end if(Zk[rk('\127TSa\96\152\200S\1\96k.\182\200',">!\'\14@\223\173")]and not pn[rk('\131$\156\245\158\199\1\175q\175\255\208\233\1','\194Q\232\154\190\128d')])or(Zk[rk('\191\147\202\56\136\182\135\202\52\192','\254\230\190W\168')]and not pn[rk('o\208L\249\203f\196L\245\131','.\165\56\150\235')])or(Zk[rk('\15q\225d\174\16\132 m\242j\227\56\158','N\4\149\v\142]\237')]and not pn[rk('\20\18IET\127\49;\14ZK\25W+','Ug=*t2X')])or(Zk[rk('\19\166\173\187\b{;\160\177\189FZ','R\211\217\212(=')]and not pn[rk('\169\220\227\236\218=\129\218\255\234\148\28','\232\169\151\131\250{')])then Zk[rk('X\19Z\17@+ex\20J\25\1\4o','\25f.~\96i\n')]=false end if Zk[rk('\148\4\204\208Y\179\188\2\208\214\23\146','\213q\184\191y\245')]and not pn[rk('*\221:\205\14I\2\219&\203@h','k\168N\162.\15')]then Zk[rk('\205r\145k\230\196f\145g\174','\140\a\229\4\198')]=false;Zk[rk('\167h\199\27\186F\245\136t\212\21\247n\239','\230\29\179t\154\v\156')]=false;Zk[rk('\31:\241,\239\239\4?=\225$\174\192\14','^O\133C\207\173k')]=false;Zk[rk('L\188\216v\\F\"\96\233\235|\18h\"','\r\201\172\25|\1G')]=false end if not((Zk[rk('7\n\211Fk>\30\211J#','v\127\167)K')]and not pn[rk('\191=\151\130\192\182)\151\142\136','\254H\227\237\224')])or(Zk[rk('\182,_:\26\221B\153\48L4W\245X','\247Y+U:\144+')]and not pn[rk('\175\"+\19\56\a\225\128>8\29u/\251','\238W_|\24J\136')])or(Zk[rk('\131\214S\233\21\180\228\175\131\96\227[\154\228',"\194\163\'\134\53\243\129")]and not pn[rk('7D>\134\178Pr\27\17\r\140\252~r','v1J\233\146\23\23')])or(Zk[rk('\190\157>\14G\165\151\158\154.\6\6\138\157','\255\232Jag\231\248')]and not pn[rk('\183Ur\18\153\49\150\151Rb\26\216\30\156','\246 \6}\185s\249')]))then else Zk[rk('0\127\227\230\170\153\24y\255\224\228\184','q\n\151\137\138\223')]=false end if not(Zk[rk('\1Cc{\24\155\201!DssY\180\195','@6\23\20\56\217\166')])then else Zk[rk('\149j\254\249]\15\216\185?\205\243\19!\216','\212\31\138\150}H\189')]=false;Zk[rk("\205\191\184\']\196\171\184+\21",'\140\202\204H}')]=false;Zk[rk('\133\203\195Q\242\168\165\170\215\208_\191\128\191','\196\190\183>\210\229\204')]=false end if Zk[rk('\237g\158\227\5\228s\158\239M','\172\18\234\140%')]and Zk[rk('\237\157\249$\138:\221\194\129\234*\199\18\199','\172\232\141K\170w\180')]then if not(og[rk('&\140\137\245\241/\152\137\249\185','g\249\253\154\209')]>og[rk('\14k\156\237\17\2\170!w\143\227\\*\176','O\30\232\130\49O\195')])then Zk[rk('\164\142\204\28\230\173\154\204\16\174','\229\251\184s\198')]=false else Zk[rk("\193;M$\155r\240\238\'^*\214Z\234",'\128N9K\187?\153')]=false end end for Ie,xf in B[rk('\167\148\190\135\164','\215\245')](pn)do pn[Ie]=Zk[Ie]end end);Tl[rk('\134\178\5\243\179\172#\255\191','\214\222d\138')][rk('9\172A9\242;\160L0\242','z\196(U\150')][rk('*\a;\a\r\54\29','ihU')](Tl[rk('\134\178\5\243\179\172#\255\191','\214\222d\138')][rk('9\172A9\242;\160L0\242','z\196(U\150')],function()local ud=Tl[rk('\157\250\21\28\168\228\51\16\164','\205\150te')][rk('Y\255\56\188\219x\250l\226\21\176\244}\236','\31\150V\216\157\17\136')](Tl[rk('\157\250\21\28\168\228\51\16\164','\205\150te')],rk("\171\30\vC\207Y\180\'\54Z\154\0\140",'\249HR\23\255n'))if ud then ud[rk('\t\51\145\195\194\20\52\21\144\215\203\a','MZ\226\179\174u')]=9999 end end)local am=Fd[rk('j\21\148\234\249N\22_\b\185\230\214K\0',",|\250\142\191\'d")](Fd,rk(' tRg\158\25\127E{\175\4','a\26&\14\219'))if not(am)then else B[rk('\196\217\193\214','\179\184')](B[rk('Y\197\142C\223\155','*\177\252')][rk('&e\134-k\128','@\n\244')](rk(xk'ErWhX/wNaCiTs0vI4fHJiVvU8fuAMa8nFFucyCrNV2qiF0GJHsf8j2pGmSWN2G60Xywux5RotYiU8JVb0r/awS2tcBwKgMFr01lw5lZOiRrV8J8kQ9I=',xk'QOP4C8w6T1uz8QybqNGI/C+70b3hQ8IHPH7v4QqlNhmCdi37e6aY9kok/A=='),rk('o\156\209*\128\204','\25\174\255')));de[rk('\237X[\221OG\208','\169=(')](de)return end B[rk('\\\1E\29X',',s')](B[rk('\240qB\234kW','\131\5\48')][rk('~\169\232u\167\238','\24\198\154')](rk('\140\158\228t,s\233\155\129\240_\229\15\142\161\0\26\211/\230\138\142\179\232\149\5om\238\129\210\146v\217\49\142\146\0\0\210f\206\140\210','\222\200\189 \28D\206\232\161\178\24\182F\174\224un\188\15\160\235\252'),rk('\v\223\137N\195\148','}\237\167')));B[rk('\30\21\25\31','jt')][rk('\148#\134$\137','\231S')](function()while not Zk[rk('\132P\30\231\143J\4\225\135','\195\5W\164')]do local pb=Fd[rk('\6\231\f\135\28\141\28\51\250!\139\51\136\n','@\142b\227Z\228n')](Fd,rk('g\251M\16\153^\240Z\f\168C','&\149\57y\220'))if not(not pb)then else local fj=B[rk('x\174Z\179P\174J\162','1\192)\199')][rk("\',>",'I')](rk('*H\216<>F\219%\r',"h\'\183P"));fj[rk('\148\233\183\237','\218\136')]=rk('v\198\180\158TO\205\163\130eR','7\168\192\247\17');fj[rk('\241I}\196F{','\161(\15')]=Fd end de=Tl[rk('\20^\243\128\25\187\49|\242\157\51\176','C?\154\244_\212')](Tl,rk('\219f\4F\238x\"J\226','\139\ne?'))[rk('\193\55#\r[\193\199\244*\14\1t\196\209','\135^Mi\29\168\181')](Tl[rk('\20^\243\128\25\187\49|\242\157\51\176','C?\154\244_\212')](Tl,rk('\219f\4F\238x\"J\226','\139\ne?')),rk('o\224\53\148\1\185;U\129p\211\2\181u\235\20O\130','=\182l\192\49\142v:\229'))if not de or not de[rk('1!\n\222\139:\205\r/-\223\138:\254','xFd\177\249_\138')]or not de[rk('Z@+}B/{','\31.J')]or de[rk('z\201\127\236OjF\255|\232LK','(\172\f\137;%')]or de[rk('\199\194D&\212\169\250\228E2\221\186','\131\171\55V\184\200')]~=999 or not de[rk('k\1\203\150\203\230\51^\28\230\154\228\227%','-h\165\242\141\143A')](de,rk('\162D\133[\129','\228\54'))or not de[rk("\170\186\n\52\147\253!\159\167\'\56\188\248\55",'\236\211dP\213\148S')](de,rk('\139e\172z\168','\205\23'))[rk('\155\197\191\179\208\174','\218\166\203')]or not de[rk(']U\210>\185\176\138hH\255\50\150\181\156','\27<\188Z\255\217\248')](de,rk('\31\b\56\23<','Yz'))[rk('K71t<.x','\29^B')]or de[rk('tZ0\254\157\231/AG\29\242\178\226\57','23^\154\219\142]')](de,rk('K\155l\132h','\r\233'))[rk('\233=\192\49','\186T')]~=B[rk('\209w\237^\182','\132\51')][rk('4?-','Z')](1,0,1,0)or de[rk('v\127\"\221\49\161\147Cb\15\209\30\164\133','0\22L\185w\200\225')](de,rk('\152!\191>\187','\222S'))[rk('A\254\201\240e\248\213\247','\17\145\186\153')]~=B[rk('\229;\217\18\130','\176\127')][rk('T_M',':')](0,0,0,1)or de[rk(',\229P.\202L,\25\248}\"\229I:','j\140>J\140%^')](de,rk('\221L\250S\254','\155>'))[rk('\207\237\194\241\193\212','\149\164\172')]~=969 then if not(de)then else de[rk('>\247d\14\224x\3','z\146\23')](de)end de=B[rk('\247A4\219\223A$\202','\190/G\175')][rk('JAS','$')](rk('T@\20lbM!|n','\a#f\t'),B[rk('?\193\53\197','X\160')][rk('EFXlOKf','\21*9')][rk('\24\195\219\147\19\4\192\217\139\26&','T\172\184\242\127')][rk('\162\204@{\156|\135\238Af\182w','\245\173)\15\218\19')](B[rk('?\193\53\197','X\160')][rk('EFXlOKf','\21*9')][rk('\24\195\219\147\19\4\192\217\139\26&','T\172\184\242\127')],rk('\171I4\152\158W\18\148\146','\251%U\225')));de[rk('\t!*%','G@')]=rk('\206\240\182\188\226\171\246\24\182\209\195\129\157\150\249\217\2\181','\156\166\239\232\210\156\187w\210');de[rk('\14\f\166MC\136\51*\167YJ\155','Je\213=/\233')]=999;de[rk('\220M\130w\149_\224\224C\165v\148_\211','\149*\236\24\231:\167')]=true;de[rk('7\214\240\138MX\v\224\243\142Ny','e\179\131\239\57\23')]=false local uh=B[rk('9h\142\249\17h\158\232','p\6\253\141')][rk('\158\149\135','\240')](rk('\218\128\253\159\249','\156\242'),de);uh[rk('\v\139\"\135','X\226')]=B[rk('q)M\0\22','$m')][rk('U^L',';')](1,0,1,0);uh[rk('\251\140lH\223\138pO','\171\227\31!')]=B[rk('\196\154\248\179\163','\145\222')][rk('\215\220\206','\185')](0,0,0,1);uh[rk('\141\215\251\181\17\178\164\227CO\228\189\215\246\173\6\161\185\243CH\201','\207\182\152\222v\192\203\150-+\176')]=1;uh[rk('\216\192Y\230\236O','\130\137\55')]=969;uh[rk('\211\179@\251\166Q','\146\208\52')]=true;uh[rk("-\218\26.\146\n\222\20\'\148",'~\191vK\241')]=true end B[rk('\132#\131)','\240B')][rk('=\212#\193','J\181')](0.016666666666666666)end end)local Fm,Ug,fe,Ti,p,ua,dm,vm,Sf,in_,U,Ql,Dg=rk('m2\19\55\249\144\170\234\16X\160)\251~\138\96)/\r\188\248\166\205#\127\128\24\209b\177','?dJc\201\167\245\168W\v\233v\182\17\238')..Tl[rk('\201\185\234\189','\135\216')]..rk('cM>H#',"M\'"),rk('\6$\203\26\231$,\132P\160','JK\170~\142'),rk('<q\143e=\30y\192/z','p\30\238\1T'),{[rk('=\31\162O\255\236[P\131F\247\160','jp\208#\155\204')]={[rk('\167[\22\218\131]\n\221','\247\52e\179')]=B[rk("k\189\'I\150\48",'(\251U')][rk('\248\243\225','\150')](-70.3784256,6862.18066,117.75927,0.99997562200000001,-2.6140133999999999e-07,0.0069818086899999998,2.5959522500000001e-07,1,2.5959542399999999e-07,-0.0069818086899999998,-2.5777666199999998e-07,0.99997562200000001)},[rk('?\128\208\1\239\173\138v\131\128\0\133\145\53\233\185\193Q\150\146','l\232\177e\128\218\170$\230\225')]={[rk('/\155\132\156\v\157\152\155','\127\244\247\245')]=B[rk('o+\156M\0\139',',m\238')][rk('XSA','6')](2354.1228000000001,3158.1853000000001,873.45281999999997,-0.433665156,3.4649215800000002e-07,0.90107411100000001,2.5959531100000001e-07,1,-2.5959542399999999e-07,-0.90107411100000001,1.2133710899999999e-07,-0.433665156)},[rk('\186\169e\173\154\147\160j\227\183','\224\204\v\141\211')]={[rk('\211\215\211\137\247\209\207\142','\131\184\160\224')]=B[rk('\129\231\224\163\204\247','\194\161\146')][rk('=6$','S')](4.8062472300000003,15972.772499999999,43.796966599999998,0.99981224499999999,-2.5451632299999998e-07,-0.019377794100000002,2.5959545299999999e-07,1,2.5959516800000002e-07,0.019377794100000002,-2.6457681199999998e-07,0.99981224499999999)},[rk('\153\231\29\164\239\169h\195\187\162\"\225\218\163j\198','\222\130p\132\168\204\6\170')]={[rk('\246\160}\135\210\166a\128','\166\207\14\238')]=B[rk('\0\202\231\"\225\240','C\140\149')][rk('\146\153\139','\252')](4.9746746999999996,15976.543900000001,-0.74841928499999999,0.99976640900000002,-2.53923929e-07,0.021613849300000001,2.5959542399999999e-07,1,-2.5959556599999998e-07,-0.021613849300000001,2.6514575799999998e-07,0.99976640900000002)},[rk('DT|Pb\\|Oc','\6;\29\"')]={[rk('\4\190m\179 \184q\180','T\209\30\218')]=B[rk('\128\166\20\162\141\3','\195\224f')][rk('5>,','[')](9793.75,26.101774200000001,30.150312400000001,0.99005234200000003,-2.9353807899999999e-07,0.14069949100000001,2.5959548099999999e-07,1,2.5959550999999999e-07,-0.14069949100000001,-2.2048820400000001e-07,0.99005234200000003)},[rk('\24V!E9\170\57\31\1]1\179\48','^?R-P\196')]={[rk('\151K!\173\179M=\170','\199$R\196')]=B[rk('\v\50\132)\25\147','Ht\246')][rk(",\'\53",'B')](-23662.912100000001,7.5776963200000003,-79.410987899999995,1,2.59595396e-07,-1.1443838099999999e-09,-2.59595396e-07,1,2.5959531100000001e-07,1.1444512000000001e-09,-2.5959531100000001e-07,1)}},{[rk('*\157\223\196\25\a\210\247\206\17','i\242\178\169v')]={[rk('\127\\TKB','0.')]=1,[rk('\156\242\217,\184\244\197+','\204\157\170E')]=B[rk('4\129\56\22\170/','w\199J')][rk('\129\138\152','\239')](-4.0635209100000003,9.2982025099999994,-79.875190700000005,-0.00064392638199999995,-2.59428134e-07,0.99999982099999996,2.5959559499999998e-07,1,2.59595367e-07,-0.99999982099999996,2.5976268599999999e-07,-0.00064392638199999995),[rk('\212\234\228\241','\151\133')]=10,[rk('\182Z\5\162\241\2\150V#\169\228\t','\245/w\208\148l')]=rk('\135\191\173\190\183','\196\208'),[rk('|\226J\155\169k+\185[\246P\134\174m\28\185G','5\133$\244\219\14h\214')]=false},[rk('9\128i\205?\15\148&\252,\r','j\240\6\185K')]={[rk('\\ewra','\19\23')]=2,[rk('\131\209\233\155\167\215\245\156','\211\190\154\242')]=B[rk('\1\242\4#\217\19','B\180v')][rk('\168\163\177','\198')](-4.0564684900000003,9.2982025099999994,-68.873893699999996,-0.00064401462400000005,-2.59428134e-07,0.99999982099999996,2.5959542399999999e-07,1,2.59595367e-07,-0.99999982099999996,2.5976254400000001e-07,-0.00064401462400000005),[rk('o\187_\160',',\212')]=110,[rk('e\158\207bT\169E\146\233iA\162','&\235\189\16\49\199')]=rk('\14!$ >','MN'),[rk('\181\21/+3\129wp\146\1\53\54\52\135@p\142','\252rADA\228\52\31')]=false},[rk("\132P\'\238R\"\191Wb\216]$",'\205\51B\157:C')]={[rk('\n}!j7','E\15')]=3,[rk('\136M4w\172K(p','\216\"G\30')]=B[rk('q\245JS\222]','2\179\56')][rk('\246\253\239','\152')](-4.0494179700000004,9.2982025099999994,-57.873680100000001,-0.00064421631400000002,2.59428049e-07,0.99999982099999996,-2.5959548099999999e-07,1,-2.59595339e-07,-0.99999982099999996,-2.5976268599999999e-07,-0.00064421631400000002),[rk('A\220q\199','\2\179')]=450,[rk('\193\212u\206\17\231\225\216S\197\4\236','\130\161\a\188t\137')]=rk('\148v\190w\164','\215\25'),[rk('c\157 \252|\228\201\23D\137:\225{\226\254\23X','*\250N\147\14\129\138x')]=false},[rk('\178bh\156g\152\50D\144e','\225\18\1\247\2')]={[rk('\191\5\148\18\130','\240w')]=4,[rk('\r\20\132\191)\18\152\184',']{\247\214')]=B[rk('\182yt\148Rc','\245?\6')][rk('\185\178\160','\215')](-6.8240132300000003,422.91009500000001,156.919388,-0.99613833399999996,2.8138475699999999e-07,-0.087797544899999996,2.59595367e-07,1,2.5959553799999998e-07,0.087797544899999996,2.35801238e-07,-0.99613833399999996),[rk('\6e6~','E\n')]=5000,[rk('\226\159\2z\216\151\194\147$q\205\156','\161\234p\b\189\249')]=rk('~KTJN','=$'),[rk('\16\0k\233\156\203\155J7\20q\244\155\205\172J+','Yg\5\134\238\174\216%')]=false},[rk('\201c\247%\229\"\213/\227','\132\2\144H')]={[rk('\242\55\217 \207','\189E')]=5,[rk('12@\212\21\52\\\211','a]3\189')]=B[rk('+\202p\t\225g','h\140\2')][rk('\145\154\136','\255')](-16.718771,2665.16455,8.2902631800000002,-0.00404130854,3.3201567099999999e-38,0.99999183400000002,-1.8905628e-38,1,-3.3278243300000001e-38,-0.99999183400000002,-1.90399607e-38,-0.00404130854),[rk('\191\150\143\141','\252\249')]=15000,[rk("\n\187\18\'\144+*\183\52,\133 ",'I\206\96U\245E')]=rk('\20\192>\193$','W\175'),[rk('q\201\14\240\158\222\180eV\221\20\237\153\216\131eJ','8\174\96\159\236\187\247\n')]=false},[rk('\194\52\194n\241\224*\155X\226\230','\129F\187\29\133')]={[rk('*(\1?\23','eZ')]=6,[rk('u\153XBQ\159DE','%\246++')]=B[rk('$\220\165\6\247\178','g\154\215')][rk('\14\5\23','\96')](-16.676975299999999,2665.16455,18.665229799999999,-0.0040414277499999998,0,0.99999183400000002,0,1,0,-0.99999183400000002,0,-0.0040414277499999998),[rk('o\230_\253',',\137')]=75000,[rk('\234\252\149\28n\180\202\240\179\23{\191','\169\137\231n\v\218')]=rk('\6\14,\15\54','Ea'),[rk('+\n\171\197\56\207\152\191\f\30\177\216?\201\175\191\16','bm\197\170J\170\219\208')]=false},[rk('\252eXw\194\48sq\215','\176\16\54\22')]={[rk('\205*\230=\240','\130X')]=7,[rk(',\215\160\228\b\209\188\227','|\184\211\141')]=B[rk('\254\213\213\220\254\194','\189\147\167')][rk('\250\241\227','\148')](-56.853240999999997,6862.5820299999996,80.575447100000005,0.99999928500000002,2.5990797800000003e-07,0.00120420242,-2.5959556599999998e-07,1,-2.5959550999999999e-07,-0.00120420242,2.5928269999999998e-07,0.99999928500000002),[rk('{uKn','8\26')]=100000,[rk('r\139j\239\17;R\135L\228\4\48','1\254\24\157tU')]=rk('r\nX\vB','1e'),[rk('\234(\168{}%\201\21\205<\178fz#\254\21\209','\163O\198\20\15@\138z')]=false},[rk('@@\241\\\54j\255_','\22/\152\56')]={[rk('\254\151\213\128\195','\177\229')]=8,[rk('@\f\57\26d\n%\29','\16cJs')]=B[rk('\155?\207\185\20\216','\216y\189')][rk('IBP',"\'")](4.4434676199999998,10147.8027,186.87919600000001,-0.609629333,3.6403494600000001e-07,-0.79268664099999997,2.5959545299999999e-07,1,2.5959559499999998e-07,0.79268664099999997,-4.7520771300000001e-08,-0.609629333),[rk('7\22\a\r','ty')]=175000,[rk('\231\254\199\56#\225\199\242\225\51\54\234','\164\139\181JF\143')]=rk('\f\207&\206<','O\160'),[rk('M\t\157\54\202Z\242bj\29\135+\205\\\197bv','\4n\243Y\184?\177\r')]=false},[rk('u\204+\21\29\236 \30','=\169Gy')]={[rk('\221\168\246\191\224','\146\218')]=9,[rk('\28\200C\198\56\206_\193','L\167\48\175')]=B[rk('\248\141\23\218\166\0','\187\203e')][rk(">5\'",'P')](-6.2800021199999998,10147.8027,191.65692100000001,-0.99130147700000004,-2.2317172499999999e-07,0.131610751,-2.59595367e-07,1,-2.5959542399999999e-07,-0.131610751,-2.9150288600000002e-07,-0.99130147700000004),[rk('\204\231\252\252','\143\136')]=300000,[rk('\212\164k\204ag\244\168M\199tl','\151\209\25\190\4\t')]=rk('\167\193\141\192\151','\228\174'),[rk('\189]c0\227\48\0\190\154Iy-\228\54\55\190\134','\244:\r_\145UC\209')]=false},[rk('l\244](\30\155C\239_\96/\145E','\"\157:@j\246')]={[rk('\15g$p2','@\21')]=10,[rk('\29*\190|9,\162{','ME\205\21')]=B[rk('!\209\188\3\250\171','b\151\206')][rk('fm\127','\b')](-15.9982901,10147.8027,185.164795,-0.40573734,3.4259502999999998e-07,0.91398972300000003,2.5959545299999999e-07,1,-2.59595339e-07,-0.91398972300000003,1.3194005499999999e-07,-0.40573734),[rk('\157\247\173\236','\222\152')]=900000,[rk('N9[W\154gn5}\\\143l','\rL)%\255\t')]=rk('\168\232\130\233\152','\235\135'),[rk('#^7U\219\144\57\218\4J-H\220\150\14\218\24','j9Y:\169\245z\181')]=false},[rk('\215\204[\174\n\234\218\18\133\15\226','\133\173\50\192h')]={[rk('\250\138\209\157\199','\181\248')]=11,[rk('\232$\196H\204\"\216O','\184K\183!')]=B[rk("\251\f*\217\'=",'\184JX')][rk('\196\207\221','\170')](-35.576030699999997,15972.4229,43.764083900000003,-0.96547520200000003,1.83009519e-07,0.26049497700000002,2.59595396e-07,1,2.5959573700000002e-07,-0.26049497700000002,3.1825655399999999e-07,-0.96547520200000003),[rk('\235\16\219\v','\168\127')]=1500000,[rk('\144zx\223\171>\176v^\212\190\53','\211\15\n\173\206P')]=rk('\153\27\179\26\169','\218t'),[rk('*;B\169\28\207\b{\r/X\180\27\201?{\17','c\\,\198n\170K\20')]=false},[rk('\14sp\136P<u?\186Z:',']\27\31\255=')]={[rk('\175l\132{\146','\224\30')]=12,[rk('\175\148\231\49\139\146\251\54','\255\251\148X')]=B[rk('\182f\187\148M\172','\245 \201')][rk('\30\21\a','p')](9940.3115199999993,26.8970299,209.978363,-0.69887876500000001,-3.6709877800000001e-07,-0.71524018,-2.5959531100000001e-07,1,-2.5959548099999999e-07,0.71524018,4.2472350100000002e-09,-0.69887876500000001),[rk('u3E(','6\\')]=1000,[rk('\142[\rY\254\15\174W+R\235\4','\205.\127+\155a')]=rk('\147\167s\172\171d\180','\199\206\16'),[rk('jL\193d\168\187\240tMX\219y\175\189\199tQ','#+\175\v\218\222\179\27')]=false},[rk('\191\179\173\31\199\149\250\134\17\206','\242\218\195v\169')]={[rk('\180,\159;\137','\251^')]=13,[rk(':\174\235\175\30\168\247\168','j\193\152\198')]=B[rk('hNNJeY','+\b<')][rk('\181\190\172','\219')](9918.5390599999992,7682.0449200000003,242.783905,-0.32808327700000001,3.3039546600000001e-07,-0.94464880200000001,2.5959556599999998e-07,1,2.59595396e-07,0.94464880200000001,-1.6005773799999999e-07,-0.32808327700000001),[rk('\3H3S',"@\'")]=120000,[rk('\250\200\236\159B\251\218\196\202\148W\240',"\185\189\158\237\'\149")]=rk('8\167u\a\171b\31','l\206\22'),[rk('\251L\238Z\250\199\230\18\220X\244G\253\193\209\18\192','\178+\128\53\136\162\165}')]=false},[rk('\201\184q\206\248\225V\204\237','\138\193\19\171')]={[rk('0\222\27\201\r','\127\172')]=14,[rk('\207>\231\252\235\56\251\251','\159Q\148\149')]=B[rk('H=vj\22a','\v{\4')][rk('\173\166\180','\195')](9913.4882799999996,13410.247100000001,242.496567,0.00606069295,2.58017394e-07,-0.99998164199999995,2.5959550999999999e-07,1,2.5959548099999999e-07,0.99998164199999995,-2.6116404700000001e-07,0.00606069295),[rk('\197\190\245\165','\134\209')]=450000,[rk('*i\3\156s\151\ne%\151f\156','i\28q\238\22\249')]=rk('k\231eT\235rL','?\142\6'),[rk('\174\245bOK\198[\250\137\225xRL\192l\250\149','\231\146\f 9\163\24\149')]=false},[rk('\200*;{\166\n\51r','\134OT\21')]={[rk('\228\184\207\175\217','\171\202')]=15,[rk('\v}\202\199/{\214\192','[\18\185\174')]=B[rk('\147oY\177DN','\208)+')][rk('\129\138\152','\239')](9883.4736300000004,20089.773399999998,260.44686899999999,-0.99999922500000005,2.5926962599999998e-07,0.0012535946400000001,2.5959525400000001e-07,1,2.5959548099999999e-07,-0.0012535946400000001,2.59920711e-07,-0.99999922500000005),[rk('\197L\245W','\134#')]=1300000,[rk("\28+\230K\t^<\'\192@\28U",'_^\148\57l0')]=rk('\245\154\168\202\150\191\210','\161\243\203'),[rk('\139\15\v\199V\178\217\251\172\27\17\218Q\180\238\251\176','\194he\168$\215\154\148')]=false},[rk('\159\224x\246\198f\177','\214\131\1')]={[rk('\30\240\53\231#','Q\130')]=16,[rk('XI!\215|O=\208','\b&R\190')]=B[rk('\17\132\215\51\175\192','R\194\165')][rk('\177\186\168','\223')](-21428.1777,7.1648092300000004,-100876.719,-0.99657601100000004,2.3724311399999999e-07,-0.082681402599999995,2.5959570800000002e-07,1,-2.5959579400000001e-07,0.082681402599999995,-2.8017066699999998e-07,-0.99657601100000004),[rk('\186Z\138A','\249\53')]=25,[rk('\205\r\232\194\207\141\237\1\206\201\218\134','\142x\154\176\170\227')]=rk('\182\200\250\148\193\232','\230\173\155'),[rk('\v\181H\25,\170qa,\161R\4+\172Fa0','B\210&v^\207\50\14')]=false},[rk('\244\248\23\216\130\212\30\218','\162\145y\189')]={[rk('\5/.88','J]')]=17,[rk('.\228\204X\n\226\208_','~\139\191\49')]=B[rk('\141\246\161\175\221\182','\206\176\211')][rk('\194\201\219','\172')](-19303.25,7.3095459900000002,18899.9277,-0.84210872699999995,0,-0.53930777299999999,0,1,0,0.53930777299999999,0,-0.84210872699999995),[rk('\154\221\170\198','\217\178')]=250,[rk('4B\149\136\96\251\20N\179\131u\240','w7\231\250\5\149')]=rk('\158nB\188gP','\206\v#'),[rk('\188\140\253X3]\171\57\155\152\231E4[\156\57\135','\245\235\147\55A8\232V')]=false},[rk('\187\146Z\225\215\182K\231','\247\243,\128')]={[rk('5\25\30\14\b','zk')]=18,[rk('\174i\248T\138o\228S','\254\6\139=')]=B[rk('5\143\5\23\164\18','v\201w')][rk('YR@','7')](-71.781456000000006,12.810639399999999,15.9462814,-0.74431115400000003,-3.6658599399999998e-07,-0.66783297100000005,-2.59595396e-07,1,-2.5959522500000001e-07,0.66783297100000005,-1.9853251500000002e-08,-0.74431115400000003),[rk('-+\29\48','nD')]=750,[rk('}8L\169r\138]4j\162g\129','>M>\219\23\228')]=rk('\172v9\142\127+','\252\19X'),[rk('\141\158j\179\162\96@ \170\138p\174\165fw \182','\196\249\4\220\208\5\3O')]=false},[rk('\191\242?$\205\196\151\245s\0\196\215','\254\134SE\163\176')]={[rk('+e\0r\22','d\23')]=19,[rk('\1%N6%#R1','QJ=_')]=B[rk('v\21/T>8','5S]')][rk('\141\134\148','\227')](-13945.968800000001,13.0212469,-20255.3125,-0.99999988100000003,0,-0.00054350309100000005,0,1,0,0.00054350309100000005,0,-0.99999988100000003),[rk('\241\128\193\155','\178\239')]=1000,[rk('\131\213H:T\152\163\217n1A\147','\192\160:H1\246')]=rk('-\184\56\15\177*','}\221Y'),[rk('\255U#\246P\179E\168\216A9\235W\181r\168\196','\182\50M\153\"\214\6\199')]=false},[rk('Q\167\204b\248{\168\141T\236u','\18\203\173\17\139')]={[rk('\1R*E<','N ')]=20,[rk('\190\138\t$\154\140\21#','\238\229zM')]=B[rk('\142\48>\172\27)','\205vL')][rk('do}','\n')](-41511.468800000002,9.0661134699999995,-20492.037100000001,-0.99999558899999996,-9.9326969199999996e-16,-0.00297134626,-9.9526710099999995e-16,1,6.7075130900000004e-16,0.00297134626,6.7370560099999998e-16,-0.99999558899999996),[rk('c\200S\211',' \167')]=2000,[rk('\20\133\151\207\220\161\52\137\177\196\201\170','W\240\229\189\185\207')]=rk('\19 J1)X','CE+'),[rk('j=\176\130.\144\144\129M)\170\159)\150\167\129Q','#Z\222\237\\\245\211\238')]=false},[rk('P@\149\26iw\5\179\15k','\3%\246h\f')]={[rk('n\211E\196S','!\161')]=21,[rk('\142f\168\245\170\96\180\242','\222\t\219\156')]=B[rk('Hg\153jL\142','\v!\235')][rk('\238\229\247','\128')](-19442.830099999999,9.6145324700000003,18836.921900000001,0.92368370300000002,0,0.383155882,0,1,0,-0.383155882,0,0.92368370300000002),[rk('\184\5\136\30','\251j')]=1,[rk('\251%\232@\a\190\219)\206K\18\181','\184P\154\50b\208')]=rk('\17\199;\198!','R\168'),[rk('\131\229\127\16A\158b\221\164\241e\rF\152U\221\184','\202\130\17\127\51\251!\178')]=false},[rk('\n\146\195\135\141H7\133\133\171\132F','C\252\165\238\227!')]={[rk('N\ne\29s','\1x')]=22,[rk(')\19m\140\r\21q\139','y|\30\229')]=B[rk('\131=C\161\22T','\192{1')][rk('\142\133\151','\224')](-94.912666299999998,8.2981948899999995,-26.949325600000002,0.000889187853,2.5936444099999998e-07,0.99999958300000003,2.5959556599999998e-07,1,-2.59595367e-07,-0.99999958300000003,2.5982629400000002e-07,0.000889187853),[rk('}^ME','>1')]=0,[rk('T\137\245\192Bkt\133\211\203W\96',"\23\252\135\178\'\5")]=rk('\171\202\164','\229'),[rk('\148~\"\tt;$\189\179j8\20s=\19\189\175','\221\25Lf\6^g\210')]=false},[rk('\189\255}\206\55\136\250\52\229$\138','\237\158\20\160C')]={[rk('\211\27\248\f\238','\156i')]=23,[rk('h\222\210\56L\216\206?','8\177\161Q')]=B[rk('\154\187&\184\144\49','\217\253T')][rk('\31\20\6','q')](209.42854299999999,21.135656399999998,3132.4709499999999,-0.99275690299999997,2.8890295300000002e-07,-0.12014045600000001,2.5959531100000001e-07,1,2.5959548099999999e-07,0.12014045600000001,2.26527291e-07,-0.99275690299999997),[rk('B\138r\145','\1\229')]=25,[rk('\152\135^\150\213\55\184\139x\157\192<','\219\242,\228\176Y')]=rk('YH\154\232R\201\222iL\141\227H\138\196','\28>\255\134&\233\189'),[rk('\199\30\157\186@\209\24\249\224\n\135\167G\215/\249\252','\142y\243\213\50\180[\150')]=true},[rk("a\15b+\'WNT\'%",'#n\17@B')]={[rk('\177G\154P\140','\254\53')]=24,[rk('kD\225>OB\253\57',';+\146W')]=B[rk('rt\215P_\192','12\165')][rk('\156\151\133','\242')](199.386169,21.135656399999998,3133.67578,-0.99275690299999997,2.8890298200000002e-07,-0.12014045600000001,2.59595339e-07,1,2.5959542399999999e-07,0.12014045600000001,2.26527263e-07,-0.99275690299999997),[rk('\227\57\211\"','\160V')]=500,[rk('Uk\173\96\151\3ug\139k\130\b','\22\30\223\18\242m')]=rk('b\139_\208T\132\243R\143H\219N\199\233',"\'\253:\190 \164\144"),[rk('^\a\143\156Qz\204_y\19\149\129V|\251_e','\23\96\225\243#\31\143\48')]=true},[rk('\19!x\17\245h1$#.e\28\176_v\1','V@\ve\144\26\17f')]={[rk('<n\23y\1','s\28')]=25,[rk('\202\1<l\238\a k','\154nO\5')]=B[rk('[,\131y\a\148','\24j\241')][rk('\151\156\142','\249')](188.800049,21.135656399999998,3134.9265099999998,-0.99275690299999997,2.8890298200000002e-07,-0.12014045600000001,2.59595367e-07,1,2.59595396e-07,0.12014045600000001,2.2652722e-07,-0.99275690299999997),[rk('\168\5\152\30','\235j')]=2500,[rk('y\136\211\176\49\242Y\132\245\187$\249',':\253\161\194T\156')]=rk('\200\49\244\b\185E?\248\53\227\3\163\6%','\141G\145f\205e\\'),[rk('\139%\228\155BEA\208\172\49\254\134ECv\208\176','\194B\138\244\48 \2\191')]=true},[rk('Y\232\223\14\221\221}\244\158=\223\212','\17\141\190x\184\179')]={[rk('\180j\159}\137','\251\24')]=26,[rk('\131E\225\n\167C\253\r','\211*\146c')]=B[rk('Ro\133pD\146','\17)\247')][rk('\4\15\29','j')](179.20648199999999,21.135656399999998,3136.0595699999999,-0.99275690299999997,2.8890295300000002e-07,-0.12014045600000001,2.5959531100000001e-07,1,2.5959545299999999e-07,0.12014045600000001,2.26527263e-07,-0.99275690299999997),[rk('a\29Q\6','\"r')]=7500,[rk('N\242|\133\131\127n\254Z\142\150t','\r\135\14\247\230\17')]=rk('6\205W\193\176~\23\6\201@\202\170=\r','s\187\50\175\196^t'),[rk(' 1\222L\241\246\175\164\a%\196Q\246\240\152\164\27','iV\176#\131\147\236\203')]=true},[rk('\175T$5/\137\181\157[8%y\169\160\137','\238:J\\Y\236\199')]={[rk('\184\26\147\r\133','\247h')]=27,[rk('\30\197X\181:\195D\178','N\170+\220')]=B[rk('\230\152:\196\179-','\165\222H')][rk('\155\144\130','\245')](2444.7214399999998,3161.02612,852.37481700000001,-0.58069765600000001,0,-0.81411927900000003,0,1,0,0.81411927900000003,0,-0.58069765600000001),[rk('\160\239\144\244','\227\128')]=415,[rk('\212\127W\rAJ\244sq\6TA','\151\n%\127$$')]=rk('%\222\15\200','b\187'),[rk('\169\151\152\161g;@\4\142\131\130\188\96=w\4\146','\224\240\246\206\21^\3k')]=false}},{[rk('_p\235z\228@nj\249\53\217Zo','\v\24\142Z\171\54')]={[rk('H\29c\nu','\ao')]=1},[rk('\246^LD\f\253X\190\155gC_\n\248\\\168\222','\187\55\"-k\156\53\219')]={[rk('A|jk|','\14\14')]=2},[rk(',\166C\148\185_\144P\144\164','\127\195\53\241\215')]={[rk('\190\230\149\241\131','\241\148')]=3}},{[rk('\185\188\149\18\229E\17\53\153\245\212\147\160\150\15\171i\t%\206\207\195','\240\210\243{\139,eL\182\166\177')]={[rk('\231\168\204\191\218','\168\218')]=1,[rk('\210\152\250\146\254','\155\245')]=rk('\225\246#\244iB@\128\210\186\191d\255\164\166o\173\"\3\29\197\140\230\181s\229\165','\147\148[\149\26\49%\244\187\222\133K\208')},[rk('Gp\19\205\"Gj\30\195q','\21\5}\168\2')]={[rk('\217\251\242\236\228','\150\137')]=2,[rk('?\219\23\209\19','v\182')]=rk('i\227\183\224\185 \209\24s\131\208\243j\"\176\247\180\250g\140]\"\213\218\232w,','\27\129\207\129\202S\180l\26\231\234\220E')},[rk('\r*\31\198\202\6\152\29\48\a\209\209\16\212','^B~\162\165q\184')]={[rk('K\171\96\188v','\4\217')]=3,[rk('[\242s\248w','\18\159')]=rk('\249\27\232\5bL\96\195tY\14tg~\187M\166S%\t\52\128%\r\fo{w','\139y\144d\17?\5\183\29=4[HO')},[rk(';>\134\133\229_\31\139\133\250\27','\127L\227\228\136')]={[rk('\191F\148Q\130','\240\52')]=4,[rk('\29~5t1','T\19')]=rk('%\141\220RC\169\227\214\211\3O,\223\30e\214\151\n\0\237\183\154\137W@;\192\23','W\239\164\51\48\218\134\162\186gu\3\240/')},[rk('\6>\253\240\178lj3-\255\248\185\"X','AL\152\149\220L,')]={[rk('\164\202\143\221\153','\235\184')]=5,[rk('*\191\2\181\6','c\210')]=rk('*\215\239bX\230\196P\129\128\174\213~qh\129\162\54\28\160\148\29\217\215\160\202cr','X\181\151\3+\149\161$\232\228\148\250Q@')}},{[rk('$DF}9@F>\28','t!2]')]={[rk('\165\5\142\18\152','\234w')]=1,[rk('K/\129|o)\157{','\27@\242\21')]=B[rk('\188*\16\158\1\a','\255lb')][rk('\211\216\202','\189')](9909.4902299999994,2907.40771,225.727768,-0.99770516200000003,2.7657637199999997e-07,-0.067708164500000001,2.59595367e-07,1,2.5959545299999999e-07,0.067708164500000001,2.4142301000000001e-07,-0.99770516200000003),[rk('\148\130\164\153','\215\237')]=5000},[rk('\134\197\226/\142\128\215\243:\222\160','\197\164\144[\174')]={[rk('\139F\160Q\182','\196\52')]=2,[rk('}}\27\251Y{\a\252','-\18h\146')]=B[rk('\165\184\134\135\147\145','\230\254\244')][rk('\f\a\21','b')](9901.24316,7681.2260699999997,254.462311,-0.955711961,-3.24498387e-07,0.29430365600000002,-2.5959542399999999e-07,1,2.5959559499999998e-07,-0.29430365600000002,1.7169873000000001e-07,-0.955711961),[rk('\26\n*\17','Ye')]=200000},[rk('\"\19\199\5\25P?\201\v\26','p|\165jm')]={[rk('\144\129\187\150\173','\223\243')]=3,[rk('x{w\251\\}k\252','(\20\4\146')]=B[rk('\rXB/sU','N\30\48')][rk('\218\209\195','\180')](9888.1279300000006,13409.247100000001,261.94576999999998,-0.99999755599999995,-2.6017173100000001e-07,0.0022217128399999999,-2.5959562300000003e-07,1,2.5959553799999998e-07,-0.0022217128399999999,2.5901815100000002e-07,-0.99999755599999995),[rk("\187\'\139<",'\248H')]=2500000},[rk('\153\129\154/\a\241\188\139\56\1\162','\209\248\234Ju')]={[rk('\248$\211\51\197','\183V')]=4,[rk('\25\17\231\129=\23\251\134','I~\148\232')]=B[rk('sc\200QH\223','0%\186')][rk('\5\14\28','k')](9860.1914099999995,20089.099600000001,254.75614899999999,-0.76200717699999998,3.6591973200000002e-07,0.64756858299999998,2.5959570800000002e-07,1,-2.5959556599999998e-07,-0.64756858299999998,-2.9707671000000001e-08,-0.76200717699999998),[rk('o\23_\f',',x')]=5000000}},{[rk('\28.*6','YO')]={[rk('\217n\242y\228','\150\28')]=1},[rk('\151j}\179zt','\218\15\25')]={[rk("\163\'\136\48\158",'\236U')]=2},[rk('\176\133\138\128','\248\228')]={[rk(')X\2O\20','f*')]=3},[rk('\129\96\130\169\96\148','\200\14\241')]={[rk('U\230~\241h','\26\148')]=4}},{[rk('4\215WH!\208B\r','u\185.h')]={[rk('\138 \161\55\183','\197R')]=1,[rk('}#U)Q','4N')]=rk('W?\158\248f\156fQ4\130\163:\192\51','%]\230\153\21\239\3')},[rk('n\230\235\252\48\164m^\168\200\249\55\181pU',"\'\136\141\149^\205\25")]={[rk('\142H\165_\179','\193:')]=3,[rk('\22\233>\227:','_\132')]=rk('\155\246\143\242\128\247dr\255\54\148>\238\222\166\195\171\203\182\57\55\161j\158)\244\223','\233\148\247\147\243\132\1\6\150R\174\17\193')}},{[rk('\137','\185')]={[rk('\243\220\216\203\206','\188\174')]=1},[rk('(','\25')]={[rk('\1k*|<','N\25')]=2},[rk('z','H')]={[rk('\190\252\149\235\131','\241\142')]=3},[rk('\30','-')]={[rk('k\131@\148V','$\241')]=4},[rk('\149','\161')]={[rk('*\195\1\212\23','e\177')]=5},[rk('\194','\247')]={[rk('\140O\167X\177','\195=')]=6}},{[rk('$\179\31MC\14\227\51AA','w\195v&&')]={[rk('\199\154\226\153\244','\144\245')]=rk('\159\169\23:\4\238\174\179\5u9\244\175','\203\193r\26K\152')},[rk('\254\204\57\253\210\141\27\247\212','\179\173^\144')]={[rk('\159}\186~\172','\200\18')]=rk('\17\154TK\161o \128F\4\156u!','E\242\49k\238\25')},[rk('\164\20\178\127\206\134\n\235I\221\128','\231f\203\f\186')]={[rk('e\232@\235V','2\135')]=rk('\168\183\186(\24g\153\173\168g%}\152','\252\223\223\bW\17')},[rk('\144*dP\174\127OV\187','\220_\n\49')]={[rk('d\209A\210W','3\190')]=rk('\251\29^\232\23\169\202\aL\167*\179\203','\175u;\200X\223')},[rk('\215\128N\168\161\170@\171',"\129\239\'\204")]={[rk('\23\215\50\212$','@\184')]=rk('\25\56\226\142\213s(\"\240\193\232i)','MP\135\174\154\5')},[rk("\'\186K7O\154@<","o\223\'[")]={[rk('C\181f\182p','\20\218')]=rk('\199CW\181o\6\246YE\250R\28\247','\147+2\149 p')},[rk('P\192zH<\201\127\219x\0\r\195y','\30\169\29 H\164')]={[rk('(\20\r\23\27','\127{')]=rk('Bl\167NJ\235sv\181\1w\241r','\22\4\194n\5\157')},[rk("G\243+\'\239z\229b\f\234r",'\21\146BI\141')]={[rk('4%\17&\a','cJ')]=rk('\156\240S\197$\248\173\234A\138\25\226\172','\200\152\54\229k\142')},[rk('T\138O\138!~\195d\132(','\25\227!\227O')]={[rk('\177\152\148\155\130','\230\247')]=rk('V6\185,\14\137\221b;\15\182\