local b_=(getfenv())local Gm,Yb,Eo=(string.char),(string.byte),(bit32 .bxor)local X=function(Qq,c)local sq=''for wh_=15,(#Qq-1)+15 do sq=sq..Gm(Eo(Yb(Qq,(wh_-15)+1),Yb(c,(wh_-15)%#c+1)))end return sq end local Rl,ba=(string.gsub),(string.char)local cl=(function(Za)Za=Rl(Za,'[^ABCDEFGHIJKLMNOPQRSTUVWXYZabcdefghijklmnopqrstuvwxyz0123456789+/=]','')return(Za:gsub('.',function(bh)if(bh=='=')then return''end local sl,oo='',(('ABCDEFGHIJKLMNOPQRSTUVWXYZabcdefghijklmnopqrstuvwxyz0123456789+/'):find(bh)-1)for rn=6,1,-1 do sl=sl..(oo%2^rn-oo%2^(rn-1)>0 and'1'or'0')end return sl end):gsub('%d%d%d?%d?%d?%d?%d?%d?',function(Lk)if(#Lk~=8)then return''end local Wi=0 for S=1,8 do Wi=Wi+(Lk:sub(S,S)=='1'and 2^(8-S)or 0)end return ba(Wi)end))end)if not b_[X('7(=,','PI')][X('@\231T:h\240}1','\t\148\24U')](b_[X('7(=,','PI')])then b_[X('\159V\149R','\248\55')][X('hA.@K+','$.O')][X('\165\23\155\2','\242v')](b_[X('\159V\149R','\248\55')][X('hA.@K+','$.O')])end if not(b_[X('h\96bd','\15\1')][X('\143\186\168\188\179\128\187','\223\214\201')]~=85896571713843)then else return end local Jo=b_[X('\23\2\29\6','pc')][X('\190\3\195\"\254\139\16\222\18\254','\249f\183q\155')](b_[X('\23\2\29\6','pc')],X('\179\243<\154\250/\144','\227\159]'))local Jh,yl,_l,wk,oh,N,Ip,se_,qp,_m,uh,rm,vb=Jo[X('I\3\55=\211U\0\53%\218w','\5lT\\\191')],b_[X('EROV','\"\51')][X('\153-v\254\170\172>k\206\170','\222H\2\173\207')](b_[X('EROV','\"\51')],X('\156\248? I\169\173\253,,D\159',"\200\143ZE\'\250")),b_[X('\210\27\216\31','\181z')][X('5\6B}!\0\21_M!','rc6.D')](b_[X('\210\27\216\31','\181z')],X('\164\205\1%\227\201b\154\133\237\1%\220\206q\138','\241\190dW\170\167\18\239')),b_[X('M\242G\246','*\147')][X('\19\214SX\205&\197Nh\205',"T\179\'\v\168")](b_[X('M\242G\246','*\147')],X('q@\\IcDC\\yc','655\26\6')),b_[X('\141~\135z','\234\31')][X('y\142{M:L\157f}:','>\235\15\30_')](b_[X('\141~\135z','\234\31')],X('N\160\25\b\253n\163\30\56\253','\28\213w[\152')),b_[X('IBCF','.#')][X('8\140\169\158\204\r\159\180\174\204','\127\233\221\205\169')](b_[X('IBCF','.#')],X('.P#\29\136\3V!\4\184\3','f$Wm\219')),b_[X('\131\167\137\163','\228\198')][X('\213m\24P\222\224~\5\96\222','\146\bl\3\187')](b_[X('\131\167\137\163','\228\198')],X('\31\6\148\217\210\27\4E(\a\183\193\212\n\4V(','Mc\228\181\187xe1')),b_[X('\162\212\168\208','\197\181')][X('\190\96\129z\26\139s\156J\26','\249\5\245)\127')](b_[X('\162\212\168\208','\197\181')],X('!G)\174\195g\163\211\159\134\vG)\137\195m\161\251\159\151','b(G\218\166\31\215\146\252\242')),b_[X('\228\166\238\162','\131\199')][X('b\139\fR\166W\152\17b\166','%\238x\1\195')](b_[X('\228\166\238\162','\131\199')],X('\155>{x\163>rw','\215W\28\16')),b_[X('#\210)\214','D\179')][X('Qr\132*{da\153\26{','\22\23\240y\30')](b_[X('#\210)\214','D\179')],X('\183\51\136\30r\128\54\175\25b\147','\225Z\250j\a')),b_[X('\238\4\228\0','\137e')][X('\b\197\252G\16=\214\225w\16','O\160\136\20u')](b_[X('\238\4\228\0','\137e')],X('\159\207\218;9BH\250\202\185\211\220\2-ME\212\193\187','\201\166\168OL#$\179\164')),b_[X('\140\242\134\246','\235\147')][X('\145\246\14\199\a\164\229\19\247\a','\214\147z\148b')](b_[X('\140\242\134\246','\235\147')],X('\236\189\48\27\145\210\f\204\139\57\f\151\212\29\221','\184\216\\~\225\189~')),X('\20\189\213b+8\21\183\195e\127\50\31','m\210\160\16\v]')if not(b_[X('*x\180,\200\136QM&d\180!\201\149XF','C\28\209B\188\225\55\52')])then else vb=X('\31\31','5')..b_[X('\247\253-W0H\175a\251\225-Z1U\166j','\158\153H9D!\201\24')]()..X('\233\233','\195')end local wd,ii,kk,gm=nil,nil,nil,b_[X('=\252Ac\21\252Qr','t\146\50\23')][X('\r\6\20','c')](X('| \n\57J-?)F','/Cx\\'),Jh[X('\"?dDn\221\a\29eYD\214','u^\r\48(\178')](Jh,X('{\252\168ZN\226\142VB','+\144\201#')));gm[X('\206\189\237\185','\128\220')]=X('n)\239\184l\213\252\240\138q\26\216\153\24\135\211\234\137','<\127\182\236\\\226\177\159\238');gm[X("\26\227A;3\254\'\197@/:\237",'^\138\50K_\159')]=999;gm[X('$\169b\187\15\176h\24\167E\186\14\176[','m\206\f\212}\213/')]=true;gm[X('\21\145\53)>\23)\167\54-=6','G\244FLJX')]=false local xq=b_[X('\29\96\149\222\53\96\133\207','T\14\230\170')][X('.%7','@')](X('(w\15h\v','n\5'),gm);xq[X('W\19~\31','\4z')]=b_[X('IyuP.','\28=')][X('\\WE','2')](1,0,1,0);xq[X('\153\3\248z\189\5\228}','\201l\139\19')]=b_[X('\134\"\186\v\225','\211f')][X('\190\181\167','\208')](0,0,0,1);xq[X('4\206nU\230\153gF\226\31f\4\206cM\241\138zV\226\24K','v\175\r>\129\235\b\51\140{2')]=1;xq[X('\177\54_\143\26I','\235\127\49')]=969;xq[X('\233\205V\193\216G','\168\174\"')]=true;xq[X('\224\149\48\223.\199\145>\214(','\179\240\\\186M')]=true local Pp={};Pp[X('TD\185\247k^\a^D\185\205o_\31R','7+\215\153\14=s')]={};Pp[X('\156^L\158\143JQ\168\136','\251+%\205')]={};Pp[X('\25\0\178\30\17\160','jt\211')]={};Pp[X(';\181\56\238\170e<8\148)\249\183o:','K\199]\152\195\nI')]={[X('\27\243\19\31\206\18\231\19\19\134','Z\134gp\238')]=false,[X('F\v\252\176qlfD\206\178dj','\22d\139\213\3\25')]=false,[X('~m\187\192\1!\171\185b\198\195q^|\160\216\1\55\163\168d\147\224j','?\24\207\175!g\202\203\15\230\144\25')]=false,[X('3\25\251\176:\239B\31L\200\186t\193B',"rl\143\223\26\168\'")]=false,[X('\175C\24Y\248\184\25\128_\vW\181\144\3','\238\54l6\216\245p')]=false,[X('\220c\235\215\246 \191\252d\251\223\183\15\181','\157\22\159\184\214b\208')]=false,[X('^\216H\207e\28v\222T\201+=','\31\173<\160EZ')]=false,[X('\221\201\246\197f*[\252\242\200\162\248/\tY\234','\156\188\130\170Fo-\153')]=false,[X('X\194\168\29\14-Ret\216\178R|\23A|j',"\25\183\220r.~\'\b")]=false};Pp[X('\174\227\155\173\231\132','\216\130\247')]={};Pp[X('\156\52\129\249@W\"\152\50\135\252Ki>','\235[\243\149$\aM')]={[X('\222\176\30\209J\228\184\255?\216B\168','\137\223l\189.\196')]={[X('9\21\137\161\29\19\149\166','iz\250\200')]=b_[X('\252\253\6\222\214\17','\191\187t')][X('\n\1\19','d')](-70.3784256,6862.18066,117.75927,0.99997562200000001,-2.6140133999999999e-07,0.0069818086899999998,2.5959522500000001e-07,1,2.5959542399999999e-07,-0.0069818086899999998,-2.5777666199999998e-07,0.99997562200000001),[X('\210*\249=\239','\157X')]=1},[X('q5u8\\\237\137\137\27#N04\fZ\249\194\174\14\49','\"]\20\\\51\154\169\219~B')]={[X('\247\127<\25\211y \30','\167\16Op')]=b_[X('X\169\137z\130\158','\27\239\251')][X('\182\189\175','\216')](2354.1228000000001,3158.1853000000001,873.45281999999997,-0.433665156,3.4649215800000002e-07,0.90107411100000001,2.5959531100000001e-07,1,-2.5959542399999999e-07,-0.90107411100000001,1.2133710899999999e-07,-0.433665156),[X('U\153~\142h','\26\235')]=2},[X('\140\142K\158\138\165\135D\208\167','\214\235%\190\195')]={[X(';\224\206=\31\230\210:','k\143\189T')]=b_[X('\189/,\159\4;','\254i^')][X('{pb','\21')](4.8062472300000003,15972.772499999999,43.796966599999998,0.99981224499999999,-2.5451632299999998e-07,-0.019377794100000002,2.5959545299999999e-07,1,2.5959516800000002e-07,0.019377794100000002,-2.6457681199999998e-07,0.99981224499999999),[X('\27?0(&','TM')]=3},[X('\131\t*\145\166L\0\242\161L\21\212\147F\2\247','\196lG\177\225)n\155')]={[X('\158<\18\27\186:\14\28','\206Sar')]=b_[X('d\14\200F%\223',"\'H\186")][X('\211\216\202','\189')](4.9746746999999996,15976.543900000001,-0.74841928499999999,0.99976640900000002,-2.53923929e-07,0.021613849300000001,2.5959542399999999e-07,1,-2.5959556599999998e-07,-0.021613849300000001,2.6514575799999998e-07,0.99976640900000002),[X('\224q\203f\221','\175\3')]=4},[X('\152\55\167#\190?\167<\191','\218X\198Q')]={[X('\19\175\181Z7\169\169]','C\192\198\51')]=b_[X('\3\191j!\148}','@\249\24')][X('!*8','O')](9793.75,26.101774200000001,30.150312400000001,0.99005234200000003,-2.9353807899999999e-07,0.14069949100000001,2.5959548099999999e-07,1,2.5959550999999999e-07,-0.14069949100000001,-2.2048820400000001e-07,0.99005234200000003),[X('\228\158\207\137\217','\171\236')]=5},[X('\135E\228^\f\26\166\f\196F\4\3\175','\193,\151\54et')]={[X('U\227\226\194q\229\254\197','\5\140\145\171')]=b_[X('Z\132\4x\175\19','\25\194v')][X(':1#','T')](-23662.912100000001,7.5776963200000003,-79.410987899999995,1,2.59595396e-07,-1.1443838099999999e-09,-2.59595396e-07,1,2.5959531100000001e-07,1.1444512000000001e-09,-2.5959531100000001e-07,1),[X('\173U\134B\144',"\226\'")]=6}};Pp[X('\146\144\1\239M\211\235\209\17\189\146\141\18\255D\216\218\254\23\186','\241\229s\157(\189\159\153p\201')]={[X('\241\"\167\220|\220m\143\214t','\178M\202\177\19')]={[X('\129\163\"\162\165\165>\165','\209\204Q\203')]=b_[X('\246\152:\212\179-','\181\222H')][X('\178\185\171','\220')](-4.0635209100000003,9.2982025099999994,-79.875190700000005,-0.00064392638199999995,-2.59428134e-07,0.99999982099999996,2.5959559499999998e-07,1,2.59595367e-07,-0.99999982099999996,2.5976268599999999e-07,-0.00064392638199999995),[X('\15r?i','L\29')]=10,[X('\224\196\53G \190\192\200\19L5\181','\163\177G5E\208')]=X('?\194\21\195\15','|\173'),[X('\196\56\218\216\182\2\3\220\227,\192\197\177\4\52\220\255','\141_\180\183\196g@\179')]=false,[X('5\239\30\248\b','z\157')]=1},[X('\6\19\31\163\203\48\aP\146\216\50','Ucp\215\191')]={[X('s\202\180ZW\204\168]','#\165\199\51')]=b_[X('q%jS\14}','2c\24')][X('ajx','\15')](-4.0564684900000003,9.2982025099999994,-68.873893699999996,-0.00064401462400000005,-2.59428134e-07,0.99999982099999996,2.5959542399999999e-07,1,2.59595367e-07,-0.99999982099999996,2.5976254400000001e-07,-0.00064401462400000005),[X('\152T\168O','\219;')]=110,[X('\128\166\\s\166H\160\170zx\179C','\195\211.\1\195&')]=X('\184\27\146\26\136','\251t'),[X('\4\204q\248\27j\152\28#\216k\229\28l\175\28?','M\171\31\151i\15\219s')]=false,[X('x\230S\241E','7\148')]=2},[X('\129\249\54[\14*\186\254sm\1,','\200\154S(fK')]={[X('\175\129\140\227\139\135\144\228','\255\238\255\138')]=b_[X('\231\255\223\197\212\200','\164\185\173')][X('\233\226\240','\135')](-4.0494179700000004,9.2982025099999994,-57.873680100000001,-0.00064421631400000002,2.59428049e-07,0.99999982099999996,-2.5959548099999999e-07,1,-2.59595339e-07,-0.99999982099999996,-2.5976268599999999e-07,-0.00064421631400000002),[X('Pm\96v','\19\2')]=450,[X('Tb\243\16\25#tn\213\27\f(','\23\23\129b|M')]=X('@aj\96p','\3\14'),[X('\172\247\224\223I?\"z\139\227\250\194N9\21z\151','\229\144\142\176;Za\21')]=false,[X('n\17E\6S','!c')]=3},[X('Ls\184\171\173f#\148\167\175','\31\3\209\192\200')]={[X('\210\150l\211\246\144p\212','\130\249\31\186')]=b_[X('[\152By\179U','\24\222\48')][X('\250\241\227','\148')](-6.8240132300000003,422.91009500000001,156.919388,-0.99613833399999996,2.8138475699999999e-07,-0.087797544899999996,2.59595367e-07,1,2.5959553799999998e-07,0.087797544899999996,2.35801238e-07,-0.99613833399999996),[X('\208\180\224\175','\147\219')]=5000,[X('dmK\224\132\212Dam\235\145\223',"\'\24\57\146\225\186")]=X('\182v\156w\134','\245\25'),[X('Z\181\236\136WI\135m}\161\246\149PO\176ma','\19\210\130\231%,\196\2')]=false,[X(';#\16\52\6','tQ')]=4},[X('\196\137$I\232\200\6C\238','\137\232C$')]={[X('\252U\137\1\216S\149\6','\172:\250h')]=b_[X('<\175O\30\132X','\127\233=')][X('\219\208\194','\181')](-16.718771,2665.16455,8.2902631800000002,-0.00404130854,3.3201567099999999e-38,0.99999183400000002,-1.8905628e-38,1,-3.3278243300000001e-38,-0.99999183400000002,-1.90399607e-38,-0.00404130854),[X('\252\24\204\3','\191w')]=15000,[X('\166\r\175\0\17\236\134\1\137\v\4\231','\229x\221rt\130')]=X('a\254K\255Q','\"\145'),[X('g\228\18\173+\239\165%@\240\b\176,\233\146%\\','.\131|\194Y\138\230J')]=false,[X('\187\210\144\197\134','\244\160')]=5},[X('\4NFb\172&P\31T\191 ','G<?\17\216')]={[X('\174\160\216\a\138\166\196\0','\254\207\171n')]=b_[X('i\220\153K\247\142','*\154\235')][X('\244\255\237','\154')](-16.676975299999999,2665.16455,18.665229799999999,-0.0040414277499999998,0,0.99999183400000002,0,1,0,-0.99999183400000002,0,-0.0040414277499999998),[X('\241\"\193\57','\178M')]=75000,[X('.\135\187\6\147\t\14\139\157\r\134\2','m\242\201t\246g')]=X('\151\t\189\b\167','\212f'),[X('h\251\204\51Z\153\224\190O\239\214.]\159\215\190S','!\156\162\\(\252\163\209')]=false,[X('_\162t\181b','\16\208')]=6},[X('\140\192H\203\178\149c\205\167','\192\181&\170')]={[X("\190\'U<\154!I;",'\238H&U')]=b_[X('\160\131\169\130\168\190','\227\197\219')][X(",\'\53",'B')](-56.853240999999997,6862.5820299999996,80.575447100000005,0.99999928500000002,2.5990797800000003e-07,0.00120420242,-2.5959556599999998e-07,1,-2.5959550999999999e-07,-0.00120420242,2.5928269999999998e-07,0.99999928500000002),[X('\152\229\168\254','\219\138')]=100000,[X('*\220N!1r\n\208h*$y','i\169<ST\28')]=X('\171\b\129\t\155','\232g'),[X('w\142\236\219tZQ\175P\154\246\198s\\f\175L','>\233\130\180\6?\18\192')]=false,[X('\134\186\173\173\187','\201\200')]=7},[X('\252\191\168@\138\149\166C','\170\208\193$')]={[X('R\167\248\133v\161\228\130','\2\200\139\236')]=b_[X('\207\236x\237\199o','\140\170\n')][X('\175\164\182','\193')](4.4434676199999998,10147.8027,186.87919600000001,-0.609629333,3.6403494600000001e-07,-0.79268664099999997,2.5959545299999999e-07,1,2.5959559499999998e-07,0.79268664099999997,-4.7520771300000001e-08,-0.609629333),[X('\178O\130T','\241 ')]=175000,[X('\157\248z\133\157\18\189\244\\\142\136\25','\222\141\b\247\248|')]=X('\162/\136.\146','\225@'),[X('j\207@\182-\23-UM\219Z\171*\17\26UQ','#\168.\217_rn:')]=false,[X('\214\148\253\131\235','\153\230')]=8},[X('\197\187\254y\173\155\245r','\141\222\146\21')]={[X('H\171F\145l\173Z\150','\24\196\53\248')]=b_[X('w\196\180U\239\163','4\130\198')][X('\224\235\249','\142')](-6.2800021199999998,10147.8027,191.65692100000001,-0.99130147700000004,-2.2317172499999999e-07,0.131610751,-2.59595367e-07,1,-2.5959542399999999e-07,-0.131610751,-2.9150288600000002e-07,-0.99130147700000004),[X('!$\17?','bK')]=300000,[X('\145\153\251\21#\176\177\149\221\30\54\187','\210\236\137gF\222')]=X('\236m\198l\220','\175\2'),[X("[3\172\187\"\252\21\4|\'\182\166%\250\"\4\96",'\18T\194\212P\153Vk')]=false,[X('\189\143\150\152\128','\242\253')]=9},[X("\14\142#,\148\140!\149!d\165\134\'",'@\231DD\224\225')]={[X('\239i\142\206\203o\146\201','\191\6\253\167')]=b_[X('\165\249\240\135\210\231','\230\191\130')][X('\162\169\187','\204')](-15.9982901,10147.8027,185.164795,-0.40573734,3.4259502999999998e-07,0.91398972300000003,2.5959545299999999e-07,1,-2.59595339e-07,-0.91398972300000003,1.3194005499999999e-07,-0.40573734),[X('ieY~','*\n')]=900000,[X('e\5(\217X\218E\t\14\210M\209','&pZ\171=\180')]=X('\152\29\178\28\168','\219r'),[X('8n\245\55\227l\213\f\31z\239*\228j\226\f\3','q\t\155X\145\t\150c')]=false,[X('\210\230\249\241\239','\157\148')]=10},[X('\r\b\128,X0\30\201\a]8','_i\233B:')]={[X('\170T\231M\142R\251J','\250;\148$')]=b_[X('\185k\142\155@\153','\250-\252')][X(' +9','N')](-35.576030699999997,15972.4229,43.764083900000003,-0.96547520200000003,1.83009519e-07,0.26049497700000002,2.59595396e-07,1,2.5959573700000002e-07,-0.26049497700000002,3.1825655399999999e-07,-0.96547520200000003),[X('\190\158\142\133','\253\241')]=1500000,[X('k}\167\26\160SKq\129\17\181X','(\b\213h\197=')]=X('\246Y\220X\198','\181\54'),[X('\148\164\53\127\188\49\134\158\179\176/b\187\55\177\158\175','\221\195[\16\206T\197\241')]=false,[X('\202\129\225\150\247','\133\243')]=11},[X('\190\226t\157g\140\228;\175m\138','\237\138\27\234\n')]={[X('}hCRYn_U','-\a\48;')]=b_[X('@\150qb\189f','\3\208\3')][X('0;)','^')](9940.3115199999993,26.8970299,209.978363,-0.69887876500000001,-3.6709877800000001e-07,-0.71524018,-2.5959531100000001e-07,1,-2.5959548099999999e-07,0.71524018,4.2472350100000002e-09,-0.69887876500000001),[X('\138Z\186A','\201\53')]=1000,[X('\148\195\213\188!\205\180\207\243\183\52\198','\215\182\167\206D\163')]=X('\183\240\205\136\252\218\144','\227\153\174'),[X('\22/\247\164\17\28\185\48\49;\237\185\22\26\142\48-','_H\153\203cy\250_')]=false,[X('\21h>\127(','Z\26')]=12},[X('\137\168\131\244\219\163\225\168\250\210','\196\193\237\157\181')]={[X('\237\174?\206\201\168#\201','\189\193L\167')]=b_[X('\162\224L\128\203[','\225\166>')][X('\217\210\192','\183')](9918.5390599999992,7682.0449200000003,242.783905,-0.32808327700000001,3.3039546600000001e-07,-0.94464880200000001,2.5959556599999998e-07,1,2.59595396e-07,0.94464880200000001,-1.6005773799999999e-07,-0.32808327700000001),[X('T\239d\244','\23\128')]=120000,[X("c\vw,\187,C\aQ\'\174\'",' ~\5^\222B')]=X('\213\15\145\234\3\134\242','\129f\242'),[X("\240\169\193\150 \152\174;\215\189\219\139\'\158\153;\203",'\185\206\175\249R\253\237T')]=false,[X('D%o2y','\vW')]=13},[X('\176[~\170\129\2Y\168\148','\243\"\28\207')]={[X('\r\159<\213)\153 \210',']\240O\188')]=b_[X('m\192\175O\235\184','.\134\221')][X('\222\213\199','\176')](9913.4882799999996,13410.247100000001,242.496567,0.00606069295,2.58017394e-07,-0.99998164199999995,2.5959550999999999e-07,1,2.5959548099999999e-07,0.99998164199999995,-2.6116404700000001e-07,0.00606069295),[X('m\18]\t','.}')]=450000,[X('\189\157\182\21\160\204\157\145\144\30\181\199','\254\232\196g\197\162')]=X('\156\202?\163\198(\187','\200\163\\'),[X('\200\229\241\211\173[\148&\239\241\235\206\170]\163&\243','\129\130\159\188\223>\215I')]=false,[X('\180^\159I\137','\251,')]=14},[X('\165\179Ps\203\147Xz','\235\214?\29')]={[X('6\133\131\96\18\131\159g','f\234\240\t')]=b_[X('j!FH\nQ',')g4')][X('fm\127','\b')](9883.4736300000004,20089.773399999998,260.44686899999999,-0.99999922500000005,2.5926962599999998e-07,0.0012535946400000001,2.5959525400000001e-07,1,2.5959548099999999e-07,-0.0012535946400000001,2.59920711e-07,-0.99999922500000005),[X('\136\0\184\27','\203o')]=1300000,[X('\197;\188\204AY\229\55\154\199TR','\134N\206\190$7')]=X('V\17\201i\29\222q','\2x\170'),[X('\228\160\183\231\154\168\165\231\195\180\173\250\157\174\146\231\223','\173\199\217\136\232\205\230\136')]=false,[X('\194\135\233\144\255','\141\245')]=15},[X('\24\213:q\243$6','Q\182C')]={[X('\248\137u\156\220\143i\155','\168\230\6\245')]=b_[X('\161\52\148\131\31\131','\226r\230')][X('\175\164\182','\193')](-21428.1777,7.1648092300000004,-100876.719,-0.99657601100000004,2.3724311399999999e-07,-0.082681402599999995,2.5959570800000002e-07,1,-2.5959579400000001e-07,0.082681402599999995,-2.8017066699999998e-07,-0.99657601100000004),[X('q\159A\132','2\240')]=25,[X('\27\154?e\193\228;\150\25n\212\239','X\239M\23\164\138')]=X('\234L\168\200E\186','\186)\201'),[X('\182F\19\218P\254+\130\145R\t\199W\248\28\130\141','\255!}\181\"\155h\237')]=false,[X('\30\235\53\252#','Q\153')]=16},[X('\134\49\160\238\240\29\169\236','\208X\206\139')]={[X('\153\167)\27\189\161\53\28','\201\200Zr')]=b_[X('\22\5\0\52.\23','UCr')][X('\21\30\f','{')](-19303.25,7.3095459900000002,18899.9277,-0.84210872699999995,0,-0.53930777299999999,0,1,0,0.53930777299999999,0,-0.84210872699999995),[X('\204]\252F','\143\50')]=250,[X("\at,v7\26\'x\n}\"\17",'D\1^\4Rt')]=X('F7;d>)','\22RZ'),[X('|\148\190\185K\181\170\238[\128\164\164L\179\157\238G','5\243\208\214\57\208\233\129')]=false,[X('Epngx','\n\2')]=17},[X('\192\169l\5\172\141}\3','\140\200\26d')]={[X('\135\252\245\2\163\250\233\5','\215\147\134k')]=b_[X('\184\176\214\154\155\193','\251\246\164')][X('\250\241\227','\148')](-71.781456000000006,12.810639399999999,15.9462814,-0.74431115400000003,-3.6658599399999998e-07,-0.66783297100000005,-2.59595396e-07,1,-2.5959522500000001e-07,0.66783297100000005,-1.9853251500000002e-08,-0.74431115400000003),[X('\237\225\221\250','\174\142')]=750,[X('V\246\168\27\176\207v\250\142\16\165\196','\21\131\218i\213\161')]=X('vk\250Tb\232','&\14\155'),[X('\255\137\141\244\239\211\238\212\216\157\151\233\232\213\217\212\196','\182\238\227\155\157\182\173\187')]=false,[X('\186\227\145\244\135','\245\145')]=18},[X('B\247=o\180\50j\240qK\189!','\3\131Q\14\218F')]={[X('\24\186@\190<\188\\\185','H\213\51\215')]=b_[X('\166\194\255\132\233\232','\229\132\141')][X('\213\222\204','\187')](-13945.968800000001,13.0212469,-20255.3125,-0.99999988100000003,0,-0.00054350309100000005,0,1,0,0.00054350309100000005,0,-0.99999988100000003),[X('\137\205\185\214','\202\162')]=1000,[X('\\(\168\23\143\v|$\142\28\154\0','\31]\218e\234e')]=X('+\141\247\t\132\229','{\232\150'),[X('\203\173\15\176^\17\201\172\236\185\21\173Y\23\254\172\240','\130\202a\223,t\138\195')]=false,[X('p\174[\185M','?\220')]=19},[X('\150\176A\154g\188\191\0\172s\178','\213\220 \233\20')]={[X('v\149\243\vR\147\239\f','&\250\128b')]=b_[X('G\174\233e\133\254','\4\232\155')][X('\247\252\238','\153')](-41511.468800000002,9.0661134699999995,-20492.037100000001,-0.99999558899999996,-9.9326969199999996e-16,-0.00297134626,-9.9526710099999995e-16,1,6.7075130900000004e-16,0.00297134626,6.7370560099999998e-16,-0.99999558899999996),[X('\165q\149j','\230\30')]=2000,[X("P+\221\26\50\215p\'\251\17\'\220",'\19^\175hW\185')]=X('V\238\179t\231\161','\6\139\210'),[X('@.#\181\153\159\182\248g:9\168\158\153\129\248{','\tIM\218\235\250\245\151')]=false,[X('\227\27\200\f\222','\172i')]=20},[X('s\153\215\239\130T\220\241\250\128',' \252\180\157\231')]={[X('k\171\195\216O\173\223\223',';\196\176\177')]=b_[X('I\127\163kT\180','\n\57\209')][X('\218\209\195','\180')](-19442.830099999999,9.6145324700000003,18836.921900000001,0.92368370300000002,0,0.383155882,0,1,0,-0.383155882,0,0.92368370300000002),[X('0\182\0\173','s\217')]=1,[X('.\128\169\221,\137\14\140\143\214\57\130','m\245\219\175I\231')]=X('EOoNu','\6 '),[X('\27L\"\225\151A\175q<X8\252\144G\152q ','R+L\142\229$\236\30')]=false,[X('\253W\214@\192','\178%')]=21},[X("\19\'\238h\243\209.0\168D\250\223",'ZI\136\1\157\184')]={[X('\142\219S\219\170\221O\220','\222\180 \178')]=b_[X(':\23\245\24<\226','yQ\135')][X('7<.','Y')](-94.912666299999998,8.2981948899999995,-26.949325600000002,0.000889187853,2.5936444099999998e-07,0.99999958300000003,2.5959556599999998e-07,1,-2.59595367e-07,-0.99999958300000003,2.5982629400000002e-07,0.000889187853),[X('\6\201\54\210','E\166')]=0,[X('\30{\146\253\31\6>w\180\246\n\r',']\14\224\143zh')]=X('\21t\26','['),[X('t\172\218p\96\162\132bS\184\192mg\164\179bO','=\203\180\31\18\199\199\r')]=false,[X('Naevs','\1\19')]=22},[X('VE\196\160A\233\176dJ\216\176\23\201\165p','\23+\170\201\55\140\194')]={[X('R\4]xv\2A\127','\2k.\17')]=b_[X('S;kq\16|','\16}\25')][X('\195\200\218','\173')](2444.7214399999998,3161.02612,852.37481700000001,-0.58069765600000001,0,-0.81411927900000003,0,1,0,0.81411927900000003,0,-0.58069765600000001),[X('^\241n\234','\29\158')]=411,[X('r(\2\0\197\31R$$\v\208\20','1]pr\160q')]=X('\197\175\239\185','\130\202'),[X('\2\220\r\137D[a\165%\200\23\148C]V\165\57','K\187c\230\54>\"\202')]=false,[X('\197\3\238\20\248','\138q')]=23},[X('\234\181l\146&\178\0\220\180f\214\6\167\v','\189\218\2\246C\192l')]={[X('\161=2w\133;.p','\241RA\30')]=nil,[X('5w\5l','v\24')]=2000000,[X('\30A\16\220;A>M6\215.J',']4b\174^/')]=X('\f[\173\51W\186+','X2\206'),[X('Sj(?m&2\205t~2\"j \5\205h','\26\rFP\31Cq\162')]=true,[X('\17\245:\226,','^\135')]=24},[X('\152\166\134\55\255\140\141\54','\223\201\234Q')]={[X('^g8?za$8','\14\bKV')]=b_[X('\29\166\201?\141\222','^\224\187')][X('\155\144\130','\245')](2438.4748500000001,3161.02783,805.728027,0.81514036700000003,-6.1232590599999995e-08,-0.57926350800000004,2.59595396e-07,1,2.59595339e-07,0.57926350800000004,-3.6198076699999999e-07,0.81514036700000003),[X('\182\54\134-','\245Y')]=200,[X('\138\215\168\171y\26\170\219\142\160l\17','\201\162\218\217\28t')]=X('\128v\170\96','\199\19'),[X('\25\5\14X;\166\15\220>\17\20E<\160\56\220\"','Pb\96\55I\195L\179')]=false,[X('\96\240K\231]','/\130')]=25}};Pp[X('\179\54\172\25j\129\141\55\184\48i\149','\218X\202\\\r\230')]={[X('\29\189\179\226\205\159,\167\161\173\240\133-','I\213\214\194\130\233')]={[X('\153\23\178\0\164','\214e')]=1},[X('\29q\20\25\174\201C\29pH\27\2\168\204G\v\53','P\24zp\201\168.x')]={[X('\243\189\216\170\206','\188\207')]=2},[X('>]D\20\31MkW\16\2','m82qq')]={[X('\25\1\50\22$','Vs')]=3}};Pp[X('g\216p\155@z\232z\145\\','\20\173\29\246/')]={[X('\134\21\142\201F\172E\162\197D','\213e\231\162#')]={[X('\152\164\189\167\171','\207\203')]=X('/9r\138G\217\30#\96\197z\195\31','{Q\23\170\b\175'),[X(')\226\2\245\20','f\144')]=1},[X('\224\245\50\149\204\180\16\159\202','\173\148U\248')]={[X('\23\25\50\26$','@v')]=X('\142\165\144\250\148C\191\191\130\181\169Y\190','\218\205\245\218\219\53'),[X('Y\206r\217d','\22\188')]=2},[X('G~\221F\203e\96\132p\216c','\4\f\164\53\191')]={[X('f\248C\251U','1\151')]=X('\172\222\b\137\53\230\157\196\26\198\b\252\156','\248\182m\169z\144'),[X('G\143l\152z','\b\253')]=3},[X('\29\236\236\245#\185\199\243\54','Q\153\130\148')]={[X('\180v\145u\135','\227\25')]=X('\205\138\152\208a\245\252\144\138\159\\\239\253','\153\226\253\240.\131'),[X('\195U\232B\254',"\140\'")]=4},[X('\25\177\28\209o\155\18\210','O\222u\181')]={[X('\205\49\232\50\254','\154^')]=X("\23V\206\22\247\129&L\220Y\202\155\'",'C>\171\54\184\247'),[X('\234\158\193\137\215','\165\236')]=5},[X('\149\240\128/\253\208\139$','\221\149\236C')]={[X('\234\242\207\241\217','\189\157')]=X('\152)\29\138\183-\169\51\15\197\138\55\168','\204Ax\170\248['),[X('N|eks','\1\14')]=6},[X('\185\4\178?F\137\150\31\176ww\131\144','\247m\213W2\228')]={[X('Chfkp','\20\a')]=X('\164J\226\209f\216\149P\240\158[\194\148','\240\"\135\241)\174'),[X('+\27\0\f\22','di')]=7},[X('\224\228\49O*\221\242xd/\213','\178\133X!H')]={[X('\219R\254Q\232','\140=')]=X('\223\205\130iG\233\238\215\144&z\243\239','\139\165\231I\b\159'),[X('\0\206+\217=','O\188')]=8},[X('\239p\232wf\197\57\195yo','\162\25\134\30\b')]={[X('\139\128\174\131\184','\220\239')]=X('nh\182\232\147/\157u\3Q\185\243\149*\153cF','#\1\216\129\244N\240\16'),[X('\144\24\187\15\173','\223j')]=9},[X('\245\151\177V\196\206\150T\209','\182\238\211\51')]={[X('\222\160\251\163\237','\137\207')]=X('\146\vD\134\235M\1\155\255\50K\157\237H\5\141\186','\223b*\239\140,l\254'),[X('\177\170\154\189\140','\254\216')]=10},[X('9 \186\0W\0\178\t','wE\213n')]={[X('\251,\222/\200','\172C')]=X('\201_\189J\\\137\244\221\164f\178QZ\140\240\203\225','\132\54\211#;\232\153\184'),[X('\225i\202~\220','\174\27')]=11}};Pp[X('\197\149\251\50\v\242\138\248(\f','\160\227\158\\\127')]={[X('\194\210\195\223\252\133\249','\141\149\227')]={[X("\'\133\4\129",'i\228')]=X('\228\96H\249n\3\255','\139\ae'),[X('v ]7K','9R')]=1},[X('\18\177\27\224\4\189\v\180','V\212m\192')]={[X('\18H1L','\\)')]=X('(\0F\132>\fV\221','Le0\169'),[X('\vS D6','D!')]=2},[X('u\191\208\234\208X\aC\190\218\174\231C\rV','\"\208\190\142\181*k')]={[X('\151 \180$','\217A')]=X('\14\52\168\172\b\v\55\167\166\tT','y[\198\200m'),[X('\251C\208T\198','\180\49')]=3}};Pp[X('\206\162\236\162k4\200\55\219\161\242\146@%\202*','\175\206\128\235\5B\173Y')]={[X('\176T\203A\252\146\\\132\v\187','\252;\170%\149')]={[X('m\29F\nP','\"o')]=1}};Pp[X('\242\148n~\5h\18\231\169xz\rx\26\241','\130\251\29\rl\n~')]={[X('\144|\142\216K\29\21\153\224\162\r\186\96\141\197\5\49\r\137\183\152\26','\217\18\232\177%ta\224\207\241h')]={[X('_\30w\20s','\22s')]=X('\219\217\201\17\214Wf\239\242\55d\160\190\158\137\133H\157\22;\170\172kn\183\164\159','\169\187\177p\165$\3\155\155S^\143\145'),[X('t\127_hI',';\r')]=1},[X('\175\133u\236\142\175\159x\226\221','\253\240\27\137\174')]={[X('\168(\128\"\132','\225E')]=X('\142\188\229\146\221n\n\14\150\238{jb\197\239\165\198\158)WK\199\184qq\127\203','\252\222\157\243\174\29oz\255\138AEM'),[X('\182\219\157\204\139','\249\169')]=2},[X('\129X\130\162\55\56\134\145B\154\181,.\202','\210\48\227\198XO\166')]={[X(' \145\b\155\f','i\252')]=X('\181\252\20\230|\218&\215\215\171l\237\244\210\247\170Z\176;\159r\148\134\255n\246\232\219','\199\158l\135\15\169C\163\190\207V\194\219\227'),[X('\180\55\159 \137','\251E')]=3},[X('\253\211\143\193\233\153\242\130\193\246\221','\185\161\234\160\132')]={[X('6\138\30\128\26','\127\231')]=X('{\190\222\201K\149\237\247\255\241\172\190@\251;\229\149\145\b\209\185\187\165\165\163\169_\242','\t\220\166\168\56\230\136\131\150\149\150\145o\202'),[X('\249^\210I\196','\182,')]=4},[X('\189\187\187\162~\128&\136\168\185\170u\206\20','\250\201\222\199\16\160\96')]={[X('G\135o\141k','\14\234')]=X('\16\199y\\\184\210q\241q\130yDk\205R\145\52\b\252\148!\188)\213w[v\206','b\165\1=\203\161\20\133\24\230CkD\252'),[X('\213\206\254\217\232','\154\188')]=5}};Pp[X('i\252\222Q\212\255Jtc\231\197D\208\252[J','\n\137\172#\177\145>9')]={[X('\216\166\48\2\197\162\48A\224','\136\195D\"')]={[X('\131\147\156z\167\149\128}','\211\252\239\19')]=b_[X('\235\182\55\201\157 ','\168\240E')][X('4?-','Z')](9909.4902299999994,2907.40771,225.727768,-0.99770516200000003,2.7657637199999997e-07,-0.067708164500000001,2.59595367e-07,1,2.5959545299999999e-07,0.067708164500000001,2.4142301000000001e-07,-0.99770516200000003),[X('\238\255\222\228','\173\144')]=5000,[X('\193wM\198hr\225{k\205}y','\130\2?\180\r\28')]=X("\24\207\29\'\195\n?",'L\166~'),[X('W\a|\16j','\24u')]=1},[X('\250T\214\226\180\252F\199\247\228\220','\185\53\164\150\148')]={[X("\'\25\222\144\3\31\194\151",'wv\173\249')]=b_[X('\182\53\208\148\30\199','\245s\162')][X('\213\222\204','\187')](9901.24316,7681.2260699999997,254.462311,-0.955711961,-3.24498387e-07,0.29430365600000002,-2.5959542399999999e-07,1,2.5959559499999998e-07,-0.29430365600000002,1.7169873000000001e-07,-0.955711961),[X('\fk<p','O\4')]=200000,[X('\180w\151\247\136\242\148{\177\252\157\249','\247\2\229\133\237\156')]=X('sr\6L~\17T',"\'\27e"),[X('\156\142\183\153\161','\211\252')]=2},[X('3c\220\192%AO\210\206&','a\f\190\175Q')]={[X('\228@\207W\217','\171\50')]=3,[X('\195\211QU\231\213MR','\147\188\"<')]=b_[X('\223\27\150\253\48\129','\156]\228')][X('-&4','C')](9888.1279300000006,13409.247100000001,261.94576999999998,-0.99999755599999995,-2.6017173100000001e-07,0.0022217128399999999,-2.5959562300000003e-07,1,2.5959553799999998e-07,-0.0022217128399999999,2.5901815100000002e-07,-0.99999755599999995),[X('\206\193\254\218','\141\174')]=2500000,[X('>X\229*t|\30T\195!aw','}-\151X\17\18')]=X('\251E\n\196I\29\220','\175,i'),[X('\25\203\50\220$','V\185')]=3},[X('<R;\206MTo*\217K\a','t+K\171?')]={[X('\127\133T\146B','0\247')]=4,[X('\231U\190\155\195S\162\156','\183:\205\242')]=b_[X('\20\179\49\54\152&','W\245C')][X('YR@','7')](9860.1914099999995,20089.099600000001,254.75614899999999,-0.76200717699999998,3.6591973200000002e-07,0.64756858299999998,2.5959570800000002e-07,1,-2.5959556599999998e-07,-0.64756858299999998,-2.9707671000000001e-08,-0.76200717699999998),[X('\173E\157^','\238*')]=5000000,[X('k\229\150E\6\49K\233\176N\19:','(\144\228\55c_')]=X('\170]\127\149Qh\141','\254\52\28'),[X(';\243\16\228\6','t\129')]=4}};Pp[X('!\31\3$2q\219\158\24\153*\16\4. |\194\146\57\131','LvmMU\16\182\251\\\240')]={[X('W\243a\235','\18\146')]={[X('\235\194\192\213\214','\164\176')]=1},[X('\137\176\137\173\160\128','\196\213\237')]={[X('(\210\3\197\21','g\160')]=2},[X('\179\26\137\31','\251{')]={[X('\173E\134R\144','\226\55')]=3},[X('h\240D@\240R','!\158\55')]={[X('\1!*6<','NS')]=4}};Pp[X('\18T\217\188\143\138\158\29^\241\186\142\128\140','p;\184\206\235\237\255')]={[X('Rw\214\235Gp\195\174','\19\25\175\203')]={[X('3o\27e\31','z\2')]=X(cl'Wrlp2OPmOUfSKN5wTE9oTsZ7iUZBgCEadNTjWBHtKI+po2UFgnrdaVpPaE7Ge4lGQYAhGnTU41gR',cl'KNsRuZCVXDO7TORfY3lReP9NsHB4thgsTeLabg=='),[X('\167\169\140\190\154','\232\219')]=1},[X('*\180\17\57\18\194\130\28\181\27}%\217\136\t','}\219\127]w\176\238')]={[X('\177\251\153\241\157','\248\150')]=X('!\190\198\170\27\235%\206\196pk\170\214j\228\135\248\\\160w\141\154,b\182\203e','S\220\190\203h\152@\186\173\20Q\133\249'),[X('\29\3\54\20 ','Rq')]=2},[X('S\25*\167b\b\180cW\t\162e\25\169h','\26wL\206\fa\192')]={[X('\191\138\151\128\147','\246\231')]=X('V\231\127\175L\141\5:\237\132\201\163I\19\183\51\246\a\204X\127\179\216\195\180S\18','$\133\a\206?\254\96N\132\224\243\140f'),[X('\192m\235z\253','\143\31')]=3}};Pp[X(']TL\198\19\163wSXE\240\31\190X',':; \162v\205\51')]={[X('\14','>')]={[X('x\22S\1E','7d')]=1},[X('\246','\199')]={[X('\19#84.','\\Q')]=2},[X('^','l')]={[X('\172q\135f\145','\227\3')]=3},[X('\241','\194')]={[X('|<W+A','3N')]=4},[X('\192','\244')]={[X('\227\218\200\205\222','\172\168')]=5},[X('\217','\236')]={[X('\188\159\151\136\129','\243\237')]=6}};Pp[X('\166\56\239\168dD\167\6\243\178aN\179','\192Q\156\192\r*')]={[X('\208\187\205o\239\163\141\222k\242','\131\222\187\n\129')]={[X('0\234\140w\20\236\144p','\96\133\255\30')]=b_[X('\151\200\155\181\227\140','\212\142\233')][X('\242\249\235','\156')](-23651.472699999998,8.5398168600000002,-160.89967300000001,1,-2.5959559499999998e-07,4.0450288500000003e-08,2.5959562300000003e-07,1,-2.5959550999999999e-07,-4.0450224500000002e-08,2.5959550999999999e-07,1),[X('F7|7f','\nR')]=0,[X("=\'\22\48\0",'rU')]=1},[X('\179\15Eg\24\137|\149Cdt\14\132}','\241c,\29b\232\14')]={[X('\169\208\217?\141\214\197\56','\249\191\170V')]=b_[X('bdU@OB',"!\"\'")][X('ajx','\15')](-21381.169900000001,7.5563092200000002,-101000.164,0.99782150999999997,4.5022431000000003e-21,-0.065971672499999995,-5.5452338400000001e-21,1,-1.5626563000000001e-20,0.065971672499999995,1.5958348e-20,0.99782150999999997),[X('\159G\165G\191','\211\"')]=5,[X('3b\24u\14','|\16')]=2},[X('\26\23\179\138\135\253j2\175\151\143\255/','Jx\218\249\232\147')]={[X('Nc\250\vje\230\f','\30\f\137b')]=b_[X('qV,S};','2\16^')][X('\144\155\137','\254')](-19279.666000000001,7.8945059799999999,18679.796900000001,0.99999779499999997,-1.7645393800000001e-23,0.0020920455,1.7665509700000001e-23,1,-9.5967587600000002e-24,-0.0020920455,9.6336948000000003e-24,0.99999779499999997),[X("\'\208\29\208\a",'k\181')]=8,[X('bJI]_','-8')]=3},[X('\147s\191a\176+\143\191\191=\143k\174&\135\165\181','\218\29\217\4\194E\230\203')]={[X('\137\50\96]\173\52|Z','\217]\19\52')]=b_[X('\b\18\247*9\224','KT\133')][X('\4\15\29','j')](-17223.351600000002,10.3985424,-20488.474600000001,0.99999779499999997,-2.5905177400000001e-07,-0.0020920429399999998,2.5959542399999999e-07,1,2.5959553799999998e-07,0.0020920429399999998,-2.6013805200000003e-07,0.99999779499999997),[X('\235\134\209\134\203','\167\227')]=10,[X('C#h4~','\fQ')]=4},[X('\25\232Y\246\211Y!\235K\236\135q&','U\135*\130\243\24')]={[X('V\22\21\vr\16\t\f','\6yfb')]=b_[X('crNAYY',' 4<')][X('\174\165\183','\192')](-14034.9414,3.3825633499999999,-20151.152300000002,0.74314814799999995,-3.6661731399999998e-07,-0.66912692799999995,2.5959369100000001e-07,1,-2.5959312200000001e-07,0.66912692799999995,1.9215027799999999e-08,0.74314814799999995),[X('\155a\161a\187','\215\4')]=15,[X('\177\15\154\24\140','\254}')]=5},[X('\14\\o\31\168\27\3]f\31\171_','J.\n~\197;')]={[X('\228\26\27\136\192\28\a\143','\180uh\225')]=b_[X('\23\28\172\53\55\187','TZ\222')][X('(#1','F')](-21797.627,8.5398168600000002,-20605.031200000001,0.99997568100000001,8.5170011600000004e-34,-0.0069733313299999997,-8.7072953199999995e-34,1,-2.7258542200000002e-33,0.0069733313299999997,2.7318598900000001e-33,0.99997568100000001),[X('\201|\243|\233','\133\25')]=20,[X('\135a\172v\186','\200\19')]=6},[X('\194\135T\209\205r\3\161\162F\206\223u\4','\129\235\53\162\190\27\96')]={[X('\158\145\185\152\186\151\165\159','\206\254\202\241')]=b_[X('\140/J\174\4]','\207i8')][X('\226\233\251','\140')](-41504.394500000002,9.7838983499999994,-20594.902300000002,1,-2.5959568000000002e-07,4.3000434299999997e-09,2.5959568000000002e-07,1,2.5959550999999999e-07,-4.3001109299999998e-09,-2.5959550999999999e-07,1),[X('\147.\169.\179','\223K')]=25,[X('\165Y\142N\152','\234+')]=7}}local function Cq()local V=b_[X('\237\220tk\197\220dz','\164\178\a\31')][X('w|n','\25')](X('\198U\224T\241','\149:'));V[X('6q0\vz\f\1','e\30E')]=X('\148\226\243\20\250\20\140q\206\193\206\149\201\177\185@\184_\221\53\144\151\194\143','\230\128\139u\137g\233\5\167\165\244\186');V[X('\154m\158!\239\252\169j\172(\232\248\174','\202\1\255X\141\157')]=2;V[X('\187\254\a\152\252\14','\237\145k')]=0.14999999999999999;V[X('\169Q\135\156^\129','\249\48\245')]=b_[X('+J!N','L+')][X('\188\251\223\255f\137\232\194\207f','\251\158\171\172\3')](b_[X('+J!N','L+')],X('\139\194\229\200<\159\189\223\230\207;\169','\216\173\144\166X\204'))local qb=b_[X('::\220B\18:\204S','sT\175\54')][X('\229\238\252','\139')](X('\25\139?\138.','J\228'));qb[X('\198\57s\251\50O\241','\149V\6')]=X(')\156\53\195\15\174{\229\178\18\221\218t\207\127\151M\229*\161\237G\212\192','[\254M\162|\221\30\145\219v\231\245');qb[X('\153\a\20\154\246\189\170\0&\147\241\185\173','\201ku\227\148\220')]=2;qb[X('<\248(\31\250!','j\151D')]=0.14999999999999999;qb[X('y\2\214L\r\208',')c\164')]=b_[X('r\27x\31','\21z')][X('\29:\254\168\225()\227\152\225','Z_\138\251\132')](b_[X('r\27x\31','\21z')],X('m\t?Q\161\159[\20<V\166\169','>fJ?\197\204'));V[X('L)m\"m','\tG')][X('\205:\156\224\48\145\250','\142U\242')](V[X('L)m\"m','\tG')],function()V[X('\164\179\220\148\164\192\153','\224\214\175')](V)end);qb[X('t2U9U','1\\')][X('\4.\253)$\240\51','GA\147')](qb[X('t2U9U','1\\')],function()qb[X('\161\213o\145\194s\156','\229\176\28')](qb)end);V[X('\186\146\139\135','\234\254')](V);qb[X('\159A\174T','\207-')](qb)end b_[X('\183\219\176\209','\195\186')][X('H3Z4U',';C')](function()while not Pp[X('\176^\145\183O\131','\195*\240')][X('\156S\222p\151I\196v\159','\219\6\151\51')]do for xi=#Pp[X('8\165\153\21x\227\198\50\165\153/|\226\222>','[\202\247{\29\128\178')],1,-1 do local Sc=Pp[X('n\188\244*\176\169\250d\188\244\16\180\168\226h','\r\211\154D\213\202\142')][xi]if not(Sc)then b_[X('bVt[s','\22\55')][X('\173\174\223\176\189\215','\223\203\178')](Pp[X('\245\184\251\223wh\156\255\184\251\229si\132\243','\150\215\149\177\18\v\232')],xi)else if not Sc[X('\242\142+p\212\130\49{\213','\177\225E\30')]then Sc[X('\138\229F9\0\160\226P9\27','\206\140\53Zo')](Sc);b_[X('\v\216\29\213\26','\127\185')][X('\161\136_\188\155W','\211\237\50')](Pp[X('\179\148\249\24\161\225x\185\148\249\"\165\224\96\181','\208\251\151v\196\130\f')],xi)end end end b_[X('\148W\147]','\224\54')][X('\183\24\169\r','\192y')](10)end end);b_[X('TsB~E',' \18')][X('*\243V&\239Q','C\157%')](Pp[X('t\229(\\\rK\217~\229(f\tJ\193r','\23\138F2h(\173')],oh[X('DjQ\172B\184E{Z\184W\175r',"\22\15?\200\'\202")][X('\148\151\141\185\157\128\163','\215\248\227')](oh[X('DjQ\172B\184E{Z\184W\175r',"\22\15?\200\'\202")],function()for Io,zc in b_[X('\128\194\153\209\131','\240\163')](Pp[X('\3\139{\4\154i','p\255\26')])do if not(Pp[X('\242\141/\245\156=','\129\249N')][Io]~=Pp[X('\171(&\r\167\146U\168\t\55\26\186\152S','\219ZC{\206\253 ')][Io])then else Pp[X('\0\218\6\196\158nx\3\251\23\211\131d~','p\168c\178\247\1\r')][Io]=Pp[X('/\168-(\185?','\\\220L')][Io]if Io==X('#\154\176y\230*\142\176u\174','b\239\196\22\198')and Pp[X('\24\141y\31\156k','k\249\24')][Io]then Pp[X('\220qb\219\96p','\175\5\3')][X(')A\245\201-\255\"qD\14E\205\tP\238\209-\233*\96B[f\214','h4\129\166\r\185C\3).\22\165')]=false;Pp[X('\206_G\201NU','\189+&')][X('\231\141\198\178\24\4\187\200\145\213\188U,\161','\166\248\178\221\56I\210')]=false;Pp[X('\f\142.\v\159<','\127\250O')][X('\128e\168\156\247\21\231\160b\184\148\182:\237','\193\16\220\243\215W\136')]=false;Pp[X('\147\157x\148\140j','\224\233\25')][X('W\141\143\130\224\241\127\139\147\132\174\208','\22\248\251\237\192\183')]=false end if not(Io==X('x{\128\156M\240\55\193\252R\158\149Xj\155\132M\230?\208\250\a\189\142','9\14\244\243m\182V\179\145r\205\253')and Pp[X('\249\140\221\254\157\207','\138\248\188')][Io])then else Pp[X('_\205?X\220-',',\185^')][X(')CH\153E WH\149\r','h6<\246e')]=false;Pp[X('\236\4\200\235\21\218','\159p\169')][X('-\161\210\163\236>\220\1\244\225\169\162\16\220','l\212\166\204\204y\185')]=false;Pp[X('\243Zx\244Kj','\128.\25')][X('\241\29\176\165\158\249\20\222\1\163\171\211\209\14','\176h\196\202\190\180}')]=false;Pp[X('\139v\222\140g\204','\248\2\191')][X('\24\243\130(\205f\31\56\244\146 \140I\21','Y\134\246G\237$p')]=false;Pp[X('\167\141\218\160\156\200','\212\249\187')][X('fV\26\166\141tNP\6\160\195U',"\'#n\201\173\50")]=false end if Io==X('\27\237\21W\"\196d7\184&]l\234d','Z\152a8\2\131\1')and Pp[X('Hb0Os\"',';\22Q')][Io]then Pp[X('\251Ie\252Xw','\136=\4')][X('\237\213\160S\5B\153\19\246\132\147\235\205\196\187K\5T\145\2\240\209\176\240','\172\160\212<%\4\248a\155\164\192\131')]=false;Pp[X('\220)\228\219\56\246','\175]\133')][X('\236\217\146\15\166\229L\204\222\130\a\231\202F','\173\172\230\96\134\167#')]=false;Pp[X('\a\17\169\0\0\187','te\200')][X('\226\164\16\196p\96\202\162\f\194>A','\163\209d\171P&')]=false end if not(Io==X("o=r\5\'\233\247@!a\vj\193\237",'.H\6j\a\164\158')and Pp[X('[BH\\SZ','(6)')][Io])then else Pp[X('\165/_\162>M','\214[>')][X('\152R\192:\6\145F\192\54N',"\217\'\180U&")]=false;Pp[X('%2\161\"#\179','VF\192')][X('\234\n \143mm\179\53R)\237\51\202\27;\151m{\187