local H=(getfenv())local Td,si,rj=(string.char),(string.byte),(bit32 .bxor)local mg=function(un_,hk)local qj=''for ch=207,(#un_-1)+207 do qj=qj..Td(rj(si(un_,(ch-207)+1),si(hk,(ch-207)%#hk+1)))end return qj end local _d,pj=(string.gsub),(string.char)local io=(function(xh)xh=_d(xh,'[^ABCDEFGHIJKLMNOPQRSTUVWXYZabcdefghijklmnopqrstuvwxyz0123456789+/=]','')return(xh:gsub('.',function(sh)if(sh=='=')then return''end local Aj,ol='',(('ABCDEFGHIJKLMNOPQRSTUVWXYZabcdefghijklmnopqrstuvwxyz0123456789+/'):find(sh)-1)for hh=6,1,-1 do Aj=Aj..(ol%2^hh-ol%2^(hh-1)>0 and'1'or'0')end return Aj end):gsub('%d%d%d?%d?%d?%d?%d?%d?',function(Re)if(#Re~=8)then return''end local y=0 for Ln=1,8 do y=y+(Re:sub(Ln,Ln)=='1'and 2^(8-Ln)or 0)end return pj(y)end))end)if not H[mg(',\232&\236','K\137')][mg(':\216^\28\18\207w\23','s\171\18s')](H[mg(',\232&\236','K\137')])then H[mg('\178|\184x','\213\29')][mg('\207\205c\231\199f','\131\162\2')][mg('E\222{\203','\18\191')](H[mg('\178|\184x','\213\29')][mg('\207\205c\231\199f','\131\162\2')])end if not(H[mg('\153\219\147\223','\254\186')][mg('\157\217\165\174\208\141\169','\205\181\196')]~=85896571713843)then else return end local Yc=H[mg('\196Z\206^','\163;')][mg('\\\197<\255\132i\214!\207\132','\27\160H\172\225')](H[mg('\196Z\206^','\163;')],mg('\157%\210\180,\193\190','\205I\179'))local ge,ed,Kn,cb,Bk,Ff,qd,_j,Gc,Fi,Mb,Zg,mh=Yc[mg('\130\160\197\243?\158\163\199\235\54\188','\206\207\166\146S')],H[mg('40>4','SQ')][mg('LP\175\22\231yC\178&\231','\v\53\219E\130')](H[mg('40>4','SQ')],mg('x\225\187\142\245nI\228\168\130\248X',',\150\222\235\155=')),H[mg('(\172\"\168','O\205')][mg('\202\31\246\212\23\255\f\235\228\23','\141z\130\135r')](H[mg('(\172\"\168','O\205')],mg('y\248\158\237m=X\128X\216\158\237R:K\144',',\139\251\159$S(\245')),H[mg('\96\202j\206','\a\171')][mg('\157r\242q\152\168a\239A\152','\218\23\134\"\253')](H[mg('\96\202j\206','\a\171')],mg('\192E\181h\18\245F\181X\18','\135\48\220;w')),H[mg('\t\179\3\183','n\210')][mg('WR\195\"\198bA\222\18\198','\16\55\183q\163')](H[mg('\t\179\3\183','n\210')],mg('\220H.\166\193\252K)\150\193','\142=@\245\164')),H[mg('\151\234\157\238','\240\139')][mg('\212\192T\t\30\225\211I9\30','\147\165 Z{')](H[mg('\151\234\157\238','\240\139')],mg('\247\145\209sl\218\151\211j\\\218','\191\229\165\3?')),H[mg('\178\t\184\r','\213h')][mg('\246\27\141\168T\195\b\144\152T','\177~\249\251\49')](H[mg('\178\t\184\r','\213h')],mg("U\204\199\'!\182/\5b\205\228?\'\167/\22b",'\a\169\183KH\213Nq')),H[mg('\154 \144$','\253A')][mg('B\217q\181\250w\202l\133\250','\5\188\5\230\159')](H[mg('\154 \144$','\253A')],mg('\165u\18oc\15\226\5\227s\143u\18Hc\5\224-\227b','\230\26|\27\6w\150D\128\a')),H[mg('\253(\247,','\154I')][mg('\249\186^\200]\204\169C\248]','\190\223*\155\56')](H[mg('\253(\247,','\154I')],mg('\20\253T\96,\253]o','X\148\51\b')),H[mg('f\rl\t','\1l')][mg('\5\224\186\193\241\48\243\167\241\241','B\133\206\146\148')](H[mg('f\rl\t','\1l')],mg('\209\v\234O\181\230\14\205H\165\245','\135b\152;\192')),H[mg('\28\209\22\213','{\176')][mg('\158\159\152X\152\171\140\133h\152','\217\250\236\v\253')](H[mg('\28\209\22\213','{\176')],mg('\205\139\230\207\4S\179\129~\235\151\224\246\16\\\190\175u\233','\155\226\148\187q2\223\200\16')),H[mg(' \246*\242','G\151')][mg('T%\185\53sa6\164\5s','\19@\205f\22')](H[mg(' \246*\242','G\151')],mg('\201_\4\235}\148\176\233i\r\252{\146\161\248','\157:h\142\r\251\194')),H[mg('\175\23\177A\135\23\161P','\230y\194\53')][mg('\154\145\131','\244')](mg('\142\n\189\186\184\a\136\170\180','\221i\207\223'),H[mg('+\197!\193','L\164')][mg("\211\'\167\250.\180\240",'\131K\198')][mg('~\228\186\17|b\231\184\tu@','2\139\217p\16')][mg('I\216\144Mi\189l\250\145PC\182','\30\185\249\57/\210')](H[mg('+\197!\193','L\164')][mg("\211\'\167\250.\180\240",'\131K\198')][mg('~\228\186\17|b\231\184\tu@','2\139\217p\16')],mg('\6O\214\142\51Q\240\130?','V#\183\247')));mh[mg('\160\244\131\240','\238\149')]=mg('\138\22U\149\189{\222\216\n\149%b\180\201)\241\194\t','\216@\f\193\141L\147\183n');mh[mg('\233\246\138\182\225\225\212\208\139\162\232\242','\173\159\249\198\141\128')]=999;mh[mg('\19\217\156<\195\179w/\215\187=\194\179D','Z\190\242S\177\214\48')]=true;mh[mg('\164\222\153\251\227\26\152\232\154\255\224;','\246\187\234\158\151U')]=false local me=H[mg('w\233\r\173_\233\29\188','>\135~\217')][mg('XSA','6')](mg('H\25o\6k','\14k'),mh);me[mg('A\190h\178','\18\215')]=H[mg('\163z\159S\196','\246>')][mg('#(:','M')](1,0,1,0);me[mg('\159\199bv\187\193~q','\207\168\17\31')]=H[mg('g\164[\141\0','2\224')][mg('1:(','_')](0,0,0,1);me[mg('\21\148\253\4\190W(\226%\v\26%\148\240\28\169D5\242%\f\55','W\245\158o\217%G\151KoN')]=1;me[mg('Y;\143g\23\153','\3r\225')]=969;me[mg('\181\155\151\157\142\134','\244\248\227')]=true;me[mg('\159\28\49\174\160\184\24?\167\166','\204y]\203\195')]=true local eh,Al,Lh,Xn={},{},{[mg('\6\143\167\213\14\15\155\167\217F','G\250\211\186.')]=0,[mg('\145&\162]\221\148\177\190:\177S\144\188\171','\208S\214\50\253\217\216')]=0,[mg('nc\191\191\6\230\195Nd\175\183G\201\201','/\22\203\208&\164\172')]=0,[mg('\215\29\175E\5\212^\251H\156OK\250^','\150h\219*%\147;')]=0,[mg('\31\177\162\205\29\207\55\183\190\203S\238','^\196\214\162=\137')]=0,[mg('\169\214\173T\nz\233\140\133\131\137RIW\253\142\155','\232\163\217;*<\136\254')]=0},{[mg('\200\24\220\189&\193\f\220\177n','\137m\168\210\6')]=false,[mg('\150\29\231\208}\136w\185\1\244\222\48\160m','\215h\147\191]\197\30')]=false,[mg('\133F<mc\245\198\165A,e\"\218\204','\196\51H\2C\183\169')]=false,[mg('W?\148\228\197\212\183{j\167\238\139\250\183','\22J\224\139\229\147\210')]=false,[mg('\130A\169\137\146\140\170G\181\143\220\173','\195\52\221\230\178\202')]=false,[mg("*\216\217\'\223t\173\151\6\141\253!\156Y\185\149\24",'k\173\173H\255\50\204\229')]=false};Bk[mg('<\161{\151\152E=\176p\131\141R\n','n\196\21\243\253\55')][mg('\201(\223\228\"\210\254','\138G\177')](Bk[mg('<\161{\151\152E=\176p\131\141R\n','n\196\21\243\253\55')],function()for pk,Tm in H[mg('(%16+','XD')](Lh)do if eh[pk]and not Xn[pk]then Lh[pk]=H[mg('\231\51\240\49','\147Z')]()end end if eh[mg('\149\182a\\\245\174!\212\185\227EZ\182\131\53\214\167','\212\195\21\51\213\232@\166')]and not Xn[mg('m\207\255\226\198C\173\238A\154\219\228\133n\185\236_',',\186\139\141\230\5\204\156')]then eh[mg('\169\216\219\135\217\160\204\219\139\145','\232\173\175\232\249')]=false;eh[mg('\142\250\27x\139rl\161\230\bv\198Zv','\207\143o\23\171?\5')]=false;eh[mg('\20!H}\190\\\191\52&Xu\255s\181','UT<\18\158\30\208')]=false;eh[mg('\151\148\30\227\244\210\149\187\193-\233\186\252\149','\214\225j\140\212\149\240')]=false;eh[mg('\166\233\142\218\24\214\142\239\146\220V\247','\231\156\250\181\56\144')]=false end if(eh[mg('\235\193\141\164\240\226\213\141\168\184','\170\180\249\203\208')]and not Xn[mg('\227q\149DR\234e\149H\26','\162\4\225+r')])or(eh[mg(".\'\3\183\245\234K\1;\16\185\184\194Q",'oRw\216\213\167\"')]and not Xn[mg('tE\n\131\29\183\243[Y\25\141P\159\233','50~\236=\250\154')])or(eh[mg("\b\24\f/9^c(\31\28\'xqi",'Imx@\25\28\f')]and not Xn[mg('1\232\160\249=\164\195\17\239\176\241|\139\201','p\157\212\150\29\230\172')])or(eh[mg('7\226g\214\249\56\155\27\183T\220\183\22\155','v\151\19\185\217\127\254')]and not Xn[mg('a\0\201P1I2MU\250Z\127g2',' u\189?\17\14W')])or(eh[mg('\213\232\231\29\217p\253\238\251\27\151Q','\148\157\147r\249\54')]and not Xn[mg('\18\195\216\248\29\156:\197\196\254S\189','S\182\172\151=\218')])then eh[mg('\139f\202\192\157\249\230\143\167\51\238\198\222\212\242\141\185','\202\19\190\175\189\191\135\253')]=false end if not((eh[mg('jb\184\31hs\226F7\139\21&]\226','+\23\204pH4\135')]and not Xn[mg(':\224\229\28\\*\0\22\181\214\22\18\4\0','{\149\145s|me')])or(eh[mg('\219\156\235\4[\210\136\235\b\19','\154\233\159k{')]and not Xn[mg('\26\133{\248\5\19\145{\244M','[\240\15\151%')])or(eh[mg('~\20*\170\195\178;Q\b\57\164\142\154!','?a^\197\227\255R')]and not Xn[mg('\18f\5\250\186\244\\=z\22\244\247\220F','S\19q\149\154\185\53')])or(eh[mg('\30\aUT\245\204\54\1IR\187\237','_r!;\213\138')]and not Xn[mg('\164\212\1\208\222\244\140\210\29\214\144\213','\229\161u\191\254\178')]))then else eh[mg('7t\229\25\184s\192\23s\245\17\249\\\202','v\1\145v\152\49\175')]=false end if not(eh[mg('u\179\\I&C]\181@Ohb','4\198(&\6\5')]and not Xn[mg('\246*d\171!\141\222,x\173o\172','\183_\16\196\1\203')])then else eh[mg('S>[\177\213Z*[\189\157','\18K/\222\245')]=false;eh[mg('L\198\187u\29\143gc\218\168{P\167}','\r\179\207\26=\194\14')]=false;eh[mg('\202\139\254\179\96+\152\234\140\238\187!\4\146','\139\254\138\220@i\247')]=false;eh[mg('\228\158!{a\143\211\200\203\18q/\161\211','\165\235U\20A\200\182')]=false end if(eh[mg('\179\190#z\140\186\170#v\196','\242\203W\21\172')]and not Xn[mg('\199\245\n\206\21\206\225\n\194]','\134\128~\161\53')])or(eh[mg('Q\149\219>\162\127\3~\137\200\48\239W\25','\16\224\175Q\130\50j')]and not Xn[mg('\233Jjj\189\214\188\198Vyd\240\254\166','\168?\30\5\157\155\213')])or(eh[mg('\152\22\193\219\249\158\159\180C\242\209\183\176\159','\217c\181\180\217\217\250')]and not Xn[mg('\247\175<\162\160\6\49\219\250\15\168\238(1','\182\218H\205\128AT')])or(eh[mg('wQa3\153\251hWVq;\216\212b','6$\21\\\185\185\a')]and not Xn[mg('{\250\182\140\166\52~[\253\166\132\231\27t',':\143\194\227\134v\17')])then eh[mg('\16R\210\6p\140\56T\206\0>\173',"Q\'\166iP\202")]=false end if eh[mg('\155fi\224\235p\179\187ay\232\170_\185','\218\19\29\143\203\50\220')]then eh[mg('\5z\233\153\49\241\27)/\218\147\127\223\27','D\15\157\246\17\182~')]=false;eh[mg('\147\190$]p\154\170$Q8','\210\203P2P')]=false;eh[mg('\159\132\229b\v\154K\176\152\246lF\178Q','\222\241\145\r+\215\"')]=false end if eh[mg('\2>s\1\145\v*s\r\217','CK\an\177')]and eh[mg("\230C>\155j\155\v\201_-\149\'\179\17",'\167\54J\244J\214b')]then if Lh[mg('V\158\183\53\253_\138\183\57\181','\23\235\195Z\221')]>Lh[mg('\238l\23\138zm\177\193p\4\132\55E\171','\175\25c\229Z \216')]then eh[mg('\n\135\0\51\a}_%\155\19=JUE',"K\242t\\\'\48\54")]=false else eh[mg('\213\169\238\14\15\220\189\238\2G','\148\220\154a/')]=false end end for La,Qa in H[mg('\153\190\128\173\154','\233\223')](Xn)do Xn[La]=eh[La]end end);ge[mg('m\243\29UX\237;YT','=\159|,')][mg('x\223\137\179\154z\211\132\186\154',';\183\224\223\254')][mg('\191\154\128\146\144\141\136','\252\245\238')](ge[mg('m\243\29UX\237;YT','=\159|,')][mg('x\223\137\179\154z\211\132\186\154',';\183\224\223\254')],function()local Da=ge[mg('^\245EMk\235cAg','\14\153$4')][mg('Q,\6\215\224\157|d1+\219\207\152j','\23Eh\179\166\244\14')](ge[mg('^\245EMk\235cAg','\14\153$4')],mg('-*C\217\149\228\50\19~\192\192\189\n','\127|\26\141\165\211'))if Da then Da[mg('\254Mm\n\252\17\195kl\30\245\2','\186$\30z\144p')]=9999 end end)local g=qd[mg('\180\5\161]\22S\240\129\24\140Q9V\230','\242l\207\57P:\130')](qd,mg('\191\236\195\31\230\134\231\212\3\215\155','\254\130\183v\163'))if not(g)then else H[mg('\167\56\162\55','\208Y')](H[mg('\206Vq\212Ld','\189\"\3')][mg('\rf\133\6h\131','k\t\247')](mg(io'EPEZ3pyL+qObfuU8dIiNnqGyzI4za/A+ul6oNe7JSNmcE7aZF1ATOl7ekCfJYO/U2b6lz1nGQR3ttIKhtIKvcnfyabIPtDyv10bD2FK5mRNCHyoQ29s=',io'QqdAiqy83dC7PKJvPajM69Xd7MhSGZ0eknvbHM6hKaq8ctrrcjF3Q3689Q=='),mg('5=\151p!\141','C\15\185')));mh[mg('uB\178EU\174H',"1\'\193")](mh)return end H[mg('\138\196\147\216\142','\250\182')](H[mg('d\20F~\14S','\23\96\52')][mg('\170\19\53\161\29\51','\204|G')](mg('\152N~Z\189\181\186\142\238\229E\228R\232\236\51\141\134\55\127\"\207\167\56\15+\254\171\189\148\189\135l\216l\232\223\51\151\135~W$\147',"\202\24\'\14\141\130\157\253\206\167\2\183\27\200\173F\249\233\23\57C\189"),mg('\153\192;\220\220!','\239\242\21')));H[mg('\134\164\129\174','\242\197')][mg('?\202-\205\"','L\186')](function()while not eh[mg('\243\18\28\232\248\b\6\238\240','\180GU\171')]do local wm=qd[mg('\167\206C\226\229\163\167\146\211n\238\202\166\177','\225\167-\134\163\202\213')](qd,mg('_\161\132@\128f\170\147\\\177{','\30\207\240)\197'))if not wm then local tc=H[mg('\n\248\"r\"\248\50c','C\150Q\6')][mg('\183\188\174','\217')](mg('\223\154c\96\203\148\96y\248','\157\245\f\f'));tc[mg('I\211j\215','\a\178')]=mg('\198\55\t\138>\255<\30\150\15\226','\135Y}\227{');tc[mg('EU\17pZ\23','\21\52c')]=qd end mh=ge[mg('\14(u\171Oa+\nt\182ej','YI\28\223\t\14')](ge,mg('\177\166\4\214\132\184\"\218\136','\225\202e\175'))[mg('\232\210Pc\2\226i\221\207}o-\231\127','\174\187>\aD\139\27')](ge[mg('\14(u\171Oa+\nt\182ej','YI\28\223\t\14')](ge,mg('\177\166\4\214\132\184\"\218\136','\225\202e\175')),mg('\vX1%\127\23\20\128\158\20k\6\4\vE;\154\157','Y\14hqO Y\239\250'))if not(not mh or not mh[mg('\212\241\173(p\137w\232\255\138)q\137D','\157\150\195G\2\236\48')]or not mh[mg('\185p\165\158r\161\152','\252\30\196')]or mh[mg('\138\174\209)*\211\182\152\210-)\242','\216\203\162L^\156')]or mh[mg('hE\153\n\53\25Uc\152\30<\n',',,\234zYx')]~=999 or not mh[mg('\212\228\54\171\249\244\229\225\249\27\167\214\241\243','\146\141X\207\191\157\151')](mh,mg('\197*\226\53\230','\131X'))or not mh[mg(')wj\193\191\nq\28jG\205\144\15g','o\30\4\165\249c\3')](mh,mg('\17\175\54\176\50','W\221'))[mg('K\239\151c\250\134','\n\140\227')]or not mh[mg('\235\138S(\137u\212\222\151~$\166p\194','\173\227=L\207\28\166')](mh,mg('awFhB',"\'\5"))[mg('\170\189\192\149\182\223\153','\252\212\179')]or mh[mg('\1\134\25[\221\135\v\52\155\52W\242\130\29','G\239w?\155\238y')](mh,mg('8\17\31\14\27','~c'))[mg('bxKt','1\17')]~=H[mg('\164\246\152\223\195','\241\178')][mg('%.<','K')](1,0,1,0)or mh[mg('8C\140o\195\230U\r^\161c\236\227C',"~*\226\v\133\143\'")](mh,mg('\182\4\145\27\149','\240v'))[mg('E\252N\242a\250R\245','\21\147=\155')]~=H[mg('\225\217\221\240\134','\180\157')][mg('\145\154\136','\255')](0,0,0,1)or mh[mg('\153\178\139\128V\176R\172\175\166\140y\181D','\223\219\229\228\16\217 ')](mh,mg('\238\233\201\246\205','\168\155'))[mg('\149}\216\171Q\206','\207\52\182')]~=969)then else if not(mh)then else mh[mg('\162}\143\146j\147\159','\230\24\252')](mh)end mh=H[mg('\251K\28\250\211K\f\235','\178%o\142')][mg('#(:','M')](mg('u\149\173\134C\152\152\150O','&\246\223\227'),H[mg('V\f\\\b','1m')][mg('8S=\17Z.\27','h?\\')][mg('d\255\215\15Tx\252\213\23]Z','(\144\180n8')][mg('&~\211\227\148H\3\\\210\254\190C',"q\31\186\151\210\'")](H[mg('V\f\\\b','1m')][mg('8S=\17Z.\27','h?\\')][mg('d\255\215\15Tx\252\213\23]Z','(\144\180n8')],mg('\139\156t\146\190\130R\158\178','\219\240\21\235')));mh[mg('\237\244\206\240','\163\149')]=mg('#hx\20TM\5\139*<[O5 \31*\145)','q>!@dzH\228N');mh[mg('&\166\225\161\130\182\27\128\224\181\139\165','b\207\146\209\238\215')]=999;mh[mg('\146f\251\213Y\224\5\174h\220\212X\224\54','\219\1\149\186+\133B')]=true;mh[mg('S\242\131\163\127Po\196\128\167|q','\1\151\240\198\v\31')]=false local fc=H[mg('r\255\247_Z\255\231N',';\145\132+')][mg('\231\236\254','\137')](mg('\31\a\56\24<','Yu'),mh);fc[mg('\141Q\164]','\222\56')]=H[mg('\161\238\157\199\198','\244\170')][mg(';0\"','U')](1,0,1,0);fc[mg('t\155\146wP\157\142p','$\244\225\30')]=H[mg('*0\22\25M','\127t')][mg('\232\227\241','\134')](0,0,0,1);fc[mg('\137\220 !lPx\157K\148\24\185\220-9{Ce\141K\147\53','\203\189CJ\v\"\23\232%\240L')]=1;fc[mg('!\216\225\31\244\247','{\145\143')]=969;fc[mg('Y\158wq\139f','\24\253\3')]=true;fc[mg('\137&\19\148\186\174\"\29\157\188','\218C\127\241\217')]=true end H[mg('\133\b\130\2','\241i')][mg('\198+\216>','\177J')](0.016666666666666666)end end)local ni_,xg,sb,am,Bg,qf,nn,Zb,Ul,T,we,S,Bm=mg('c\207z\128\159o\229\199\132\217+n3+\210n\212F\186\218\a\233\224\183\254\v_\25\55\233','1\153#\212\175X\186\133\195\138b1~D\182')..ge[mg('?T\28P','q5')]..mg('\194\132\159\129\130','\236\238'),mg("\143\'\170B\178\173/\229\b\245",'\195H\203&\219'),mg('x\176\220\179\131Z\184\147\249\196','4\223\189\215\234'),{[mg('\204\232x\17rm\170\167Y\24z!','\155\135\n}\22M')]={[mg('\t\219\131W-\221\159P','Y\180\240>')]=H[mg('\237\247\54\207\220!','\174\177D')][mg('LGU','\"')](-70.3784256,6862.18066,117.75927,0.99997562200000001,-2.6140133999999999e-07,0.0069818086899999998,2.5959522500000001e-07,1,2.5959542399999999e-07,-0.0069818086899999998,-2.5777666199999998e-07,0.99997562200000001)},[mg('\129J_\182\227l\30y);\190O\30\130\229xU^<)','\210\">\210\140\27>+LZ')]={[mg('8\247D\96\28\241Xg','h\152\55\t')]=H[mg('\199\175\142\229\132\153','\132\233\252')][mg('u~l','\27')](2354.1228000000001,3158.1853000000001,873.45281999999997,-0.433665156,3.4649215800000002e-07,0.90107411100000001,2.5959531100000001e-07,1,-2.5959542399999999e-07,-0.90107411100000001,1.2133710899999999e-07,-0.433665156)},[mg('\2\51\48\253\229+:?\179\200','XV^\221\172')]={[mg('\147\132\186\131\183\130\166\132','\195\235\201\234')]=H[mg('\n\171\29(\128\n','I\237o')][mg('\6\r\31','h')](4.8062472300000003,15972.772499999999,43.796966599999998,0.99981224499999999,-2.5451632299999998e-07,-0.019377794100000002,2.5959545299999999e-07,1,2.5959516800000002e-07,0.019377794100000002,-2.6457681199999998e-07,0.99981224499999999)},[mg('\22c;\251\171\96\171\140\52&\4\190\158j\169\137','Q\6V\219\236\5\197\229')]={[mg(';\144%_\31\150\57X','k\255V6')]=H[mg('8^p\26ug','{\24\2')][mg('\f\a\21','b')](4.9746746999999996,15976.543900000001,-0.74841928499999999,0.99976640900000002,-2.53923929e-07,0.021613849300000001,2.5959542399999999e-07,1,-2.5959556599999998e-07,-0.021613849300000001,2.6514575799999998e-07,0.99976640900000002)},[mg('\162\238\17+\132\230\17\52\133','\224\129pY')]={[mg('\vND\172/HX\171','[!7\197')]=H[mg('\204\244\240\238\223\231','\143\178\130')][mg('\186\177\163','\212')](9793.75,26.101774200000001,30.150312400000001,0.99005234200000003,-2.9353807899999999e-07,0.14069949100000001,2.5959548099999999e-07,1,2.5959550999999999e-07,-0.14069949100000001,-2.2048820400000001e-07,0.99005234200000003)},[mg('\242-\230.\14T\211d\198\54\6M\218','\180D\149Fg:')]={[mg('\22\\\254A2Z\226F','F3\141(')]=H[mg('\6\253\168$\214\191','E\187\218')][mg('T_M',':')](-23662.912100000001,7.5776963200000003,-79.410987899999995,1,2.59595396e-07,-1.1443838099999999e-09,-2.59595396e-07,1,2.5959531100000001e-07,1.1444512000000001e-09,-2.5959531100000001e-07,1)}},{[mg('x\209$\15\168U\158\f\5\160',';\190Ib\199')]={[mg('\96SKD]','/!')]=1,[mg('>=K\23\26;W\16','nR8~')]=H[mg('\155\174\r\185\133\26','\216\232\127')][mg('\158\149\135','\240')](-4.0635209100000003,9.2982025099999994,-79.875190700000005,-0.00064392638199999995,-2.59428134e-07,0.99999982099999996,2.5959559499999998e-07,1,2.59595367e-07,-0.99999982099999996,2.5976268599999999e-07,-0.00064392638199999995),[mg('\b\217\56\194','K\182')]=10,[mg("\14\197\250\'\158<.\201\220,\139\55",'M\176\136U\251R')]=mg('\239\28\197\29\223','\172s'),[mg('\190y{\t\137\160\243,\153ma\20\142\166\196,\133','\247\30\21f\251\197\176C')]=false},[mg('\185P\142\1L\143D\193\48_\141','\234 \225u8')]={[mg('\15\15$\24\50','@}')]=2,[mg("\3\147\186\235\'\149\166\236",'S\252\201\130')]=H[mg('\175\219\217\141\240\206','\236\157\171')][mg('p{i','\30')](-4.0564684900000003,9.2982025099999994,-68.873893699999996,-0.00064401462400000005,-2.59428134e-07,0.99999982099999996,2.5959542399999999e-07,1,2.59595367e-07,-0.99999982099999996,2.5976254400000001e-07,-0.00064401462400000005),[mg('.G\30\\','m(')]=110,[mg('\238\\%K\211y\206P\3@\198r','\173)W9\182\23')]=mg('\245\0\223\1\197','\182o'),[mg('\169\160\138\138\193\160\251H\142\180\144\151\198\166\204H\146',"\224\199\228\229\179\197\184\'")]=false},[mg('\227py\191\188\197\216w<\137\179\195','\170\19\28\204\212\164')]={[mg('\201c\226t\244','\134\17')]=3,[mg('\131\14\200\197\167\b\212\194','\211a\187\172')]=H[mg('So\149qD\130','\16)\231')][mg('\153\146\128','\247')](-4.0494179700000004,9.2982025099999994,-57.873680100000001,-0.00064421631400000002,2.59428049e-07,0.99999982099999996,-2.5959548099999999e-07,1,-2.59595339e-07,-0.99999982099999996,-2.5976268599999999e-07,-0.00064421631400000002),[mg('j\163Z\184',')\204')]=450,[mg('\139\0\245\163K\164\171\f\211\168^\175','\200u\135\209.\202')]=mg('\176~\154\127\128','\243\17'),[mg('\198\200I\241w\182G\14\225\220S\236p\176p\14\253',"\143\175\'\158\5\211\4a")]=false},[mg('7\234\129.f\29\186\173\"d','d\154\232E\3')]={[mg('=\174\22\185\0','r\220')]=4,[mg('\218,\215z\254*\203}','\138C\164\19')]=H[mg('\2\50s \25d','At\1')][mg('\168\163\177','\198')](-6.8240132300000003,422.91009500000001,156.919388,-0.99613833399999996,2.8138475699999999e-07,-0.087797544899999996,2.59595367e-07,1,2.5959553799999998e-07,0.087797544899999996,2.35801238e-07,-0.99613833399999996),[mg('9J\tQ','z%')]=5000,[mg('\2\139\228C\135\196\"\135\194H\146\207','A\254\150\49\226\170')]=mg('*\186\0\187\26','i\213'),[mg('J\v\252Vo=%\134m\31\230Kh;\18\134q','\3l\146\57\29Xf\233')]=false},[mg('\0\27\215\v,Z\245\1*','Mz\176f')]={[mg('\t\232\"\255\52','F\154')]=5,[mg('\160\172+*\132\170\55-','\240\195XC')]=H[mg(']\206\194\127\229\213','\30\136\176')][mg('\133\142\156','\235')](-16.718771,2665.16455,8.2902631800000002,-0.00404130854,3.3201567099999999e-38,0.99999183400000002,-1.8905628e-38,1,-3.3278243300000001e-38,-0.99999183400000002,-1.90399607e-38,-0.00404130854),[mg('\2/24','A@')]=15000,[mg('\200n\182T\179\190\232b\144_\166\181','\139\27\196&\214\208')]=mg('\156\5\182\4\172','\223j'),[mg('\132\194\235\227_\t?\219\163\214\241\254X\15\b\219\191','\205\165\133\140-l|\180')]=false},[mg('.\t\154\54\193\f\23\195\0\210\n','m{\227E\181')]={[mg('x\186S\173E','7\200')]=6,[mg('\bY\220V,_\192Q','X6\175?')]=H[mg('\245U\142\215~\153','\182\19\252')][mg('\191\180\166','\209')](-16.676975299999999,2665.16455,18.665229799999999,-0.0040414277499999998,0,0.99999183400000002,0,1,0,-0.99999183400000002,0,-0.0040414277499999998),[mg('h\208X\203','+\191')]=75000,[mg('qLG\200H\206Q@a\195]\197','295\186-\160')]=mg('\187\221\145\220\139','\248\178'),[mg('\246\19\134\57RO\212\28\209\a\156$UI\227\28\205','\191t\232V *\151s')]=false},[mg("!\a\f\128\31R\'\134\n",'mrb\225')]={[mg('\150[\189L\171','\217)')]=7,[mg('L\219x\159h\221d\152','\28\180\v\246')]=H[mg('R6\bp\29\31','\17pz')][mg('\248\243\225','\150')](-56.853240999999997,6862.5820299999996,80.575447100000005,0.99999928500000002,2.5990797800000003e-07,0.00120420242,-2.5959556599999998e-07,1,-2.5959550999999999e-07,-0.00120420242,2.5928269999999998e-07,0.99999928500000002),[mg('\146\174\162\181','\209\193')]=100000,[mg("\212+\154\221\201\211\244\'\188\214\220\216",'\151^\232\175\172\189')]=mg('ws]rG','4\28'),[mg('\248/\18a8\219\254&\223;\b|?\221\201&\195','\177H|\14J\190\189I')]=false},[mg('\1wGiw]Ij','W\24.\r')]={[mg('\194\140\233\155\255','\141\254')]=8,[mg(' \180aJ\4\178}M','p\219\18#')]=H[mg(';\151\175\25\188\184','x\209\221')][mg('\187\176\162','\213')](4.4434676199999998,10147.8027,186.87919600000001,-0.609629333,3.6403494600000001e-07,-0.79268664099999997,2.5959545299999999e-07,1,2.5959559499999998e-07,0.79268664099999997,-4.7520771300000001e-08,-0.609629333),[mg('\14\164>\191','M\203')]=175000,[mg('\30\141?\129\187\147>\129\25\138\174\152',']\248M\243\222\253')]=mg('\178\241\152\240\130','\241\158'),[mg('l\145\15|>Q\167\201K\133\21a9W\144\201W','%\246a\19L4\228\166')]=false},[mg('6\178\146\213^\146\153\222','~\215\254\185')]={[mg('sUXBN',"<\'")]=9,[mg('6\249\55\220\18\255+\219','f\150D\181')]=H[mg('\15\237\179-\198\164','L\171\193')][mg('NEW',' ')](-6.2800021199999998,10147.8027,191.65692100000001,-0.99130147700000004,-2.2317172499999999e-07,0.131610751,-2.59595367e-07,1,-2.5959542399999999e-07,-0.131610751,-2.9150288600000002e-07,-0.99130147700000004),[mg('\230\17\214\n','\165~')]=300000,[mg('\222\128\224\238\192D\254\140\198\229\213O','\157\245\146\156\165*')]=mg('b\150H\151R','!\249'),[mg('gq\138d\148\244k0@e\144y\147\242\\\48\\','.\22\228\v\230\145(_')]=false},[mg('\178y\170\148i\181\157b\168\220X\191\155','\252\16\205\252\29\216')]={[mg('\216\4\243\19\229','\151v')]=10,[mg('8Xe/\28^y(','h7\22F')]=H[mg('\190[\169\156p\190','\253\29\219')][mg('4?-','Z')](-15.9982901,10147.8027,185.164795,-0.40573734,3.4259502999999998e-07,0.91398972300000003,2.5959545299999999e-07,1,-2.59595339e-07,-0.91398972300000003,1.3194005499999999e-07,-0.40573734),[mg('\181\14\133\21','\246a')]=900000,[mg('\20\224\243\1/\26\52\236\213\n:\17','W\149\129sJt')]=mg('\220\168\246\169\236','\159\199'),[mg('R\247\54\n\96\31.\199u\227,\23g\25\25\199i','\27\144Xe\18zm\168')]=false},[mg('\184m\27\27?\133{R0:\141','\234\fru]')]={[mg('Zbqug','\21\16')]=11,[mg('\169\249>\173\141\255\"\170','\249\150M\196')]=H[mg('9|U\27WB',"z:\'")][mg(",\'\53",'B')](-35.576030699999997,15972.4229,43.764083900000003,-0.96547520200000003,1.83009519e-07,0.26049497700000002,2.59595396e-07,1,2.5959573700000002e-07,-0.26049497700000002,3.1825655399999999e-07,-0.96547520200000003),[mg('\254\19\206\b','\189|')]=1500000,[mg('\144\132Y\242\193m\176\136\127\249\212f','\211\241+\128\164\3')]=mg('\179 \153!\131','\240O'),[mg('_\165\227Z\6c\ryx\177\249G\1e:yd','\22\194\141\53t\6N\22')]=false},[mg('\31P\187\132f-V\244\182l+','L8\212\243\v')]={[mg('\6\149-\130;','I\231')]=12,[mg('y\216\212\230]\222\200\225',')\183\167\143')]=H[mg('\254\4\181\220/\162','\189B\199')][mg('DO]','*')](9940.3115199999993,26.8970299,209.978363,-0.69887876500000001,-3.6709877800000001e-07,-0.71524018,-2.5959531100000001e-07,1,-2.5959548099999999e-07,0.71524018,4.2472350100000002e-09,-0.69887876500000001),[mg('K\192{\219','\b\175')]=1000,[mg('(\198O\146_\234\b\202i\153J\225','k\179=\224:\132')]=mg('\172\246A\147\250V\139','\248\159\"'),[mg('\29\138\55\19\23\217\134\240:\158-\14\16\223\177\240&','T\237Y|e\188\197\159')]=false},[mg('\231e\204wT\205,\231y]','\170\f\162\30:')]={[mg('\198\14\237\25\251','\137|')]=13,[mg('E\195\143\139a\197\147\140','\21\172\252\226')]=H[mg('\148\176\152\182\155\143','\215\246\234')][mg('ibp','\a')](9918.5390599999992,7682.0449200000003,242.783905,-0.32808327700000001,3.3039546600000001e-07,-0.94464880200000001,2.5959556599999998e-07,1,2.59595396e-07,0.94464880200000001,-1.6005773799999999e-07,-0.32808327700000001),[mg('\20h$s','W\a')]=120000,[mg("\26\'\161\2\20y:+\135\t\1r",'YR\211pq\23')]=mg('\211\189B\236\177U\244','\135\212!'),[mg('\176\141\v\n)\207\244\v\151\153\17\23.\201\195\v\139','\249\234ee[\170\183d')]=false},[mg("?~\206,\14\'\233.\27",'|\a\172I')]={[mg('\25h2\127$','V\26')]=14,[mg('1( \209\21.<\214','aGS\184')]=H[mg('\146\27b\176\48u','\209]\16')][mg('92 ','W')](9913.4882799999996,13410.247100000001,242.496567,0.00606069295,2.58017394e-07,-0.99998164199999995,2.5959550999999999e-07,1,2.5959548099999999e-07,0.99998164199999995,-2.6116404700000001e-07,0.00606069295),[mg('\135\5\183\30','\196j')]=450000,[mg('\29\246]&\136\28=\250{-\157\23','^\131/T\237r')]=mg('\192\27Z\255\23M\231','\148r9'),[mg('V\223\132\190\245&\231\221q\203\158\163\242 \208\221m','\31\184\234\209\135C\164\178')]=false},[mg('\131\231\210\220\237\199\218\213','\205\130\189\178')]={[mg('\"\57\t.\31','mK')]=15,[mg('z\16\52\209^\22(\214','*\127G\184')]=H[mg('-1V\15\26A','nw$')][mg('\206\197\215','\160')](9883.4736300000004,20089.773399999998,260.44686899999999,-0.99999922500000005,2.5926962599999998e-07,0.0012535946400000001,2.5959525400000001e-07,1,2.5959548099999999e-07,-0.0012535946400000001,2.59920711e-07,-0.99999922500000005),[mg('x\134H\157',';\233')]=1300000,[mg('\138\57\225l\212\203\170\53\199g\193\192','\201L\147\30\177\165')]=mg('\227\139\21\220\135\2\196','\183\226v'),[mg('\132\5.\178\rq\3\225\163\17\52\175\nw4\225\191','\205b@\221\127\20@\142')]=false},[mg('\a\253kn\219u)','N\158\18')]={[mg('!\247\n\224\28','n\133')]=16,[mg('j{\201\147N}\213\148',':\20\186\250')]=H[mg('\234\28\136\200\55\159','\169Z\250')][mg('\199\204\222','\169')](-21428.1777,7.1648092300000004,-100876.719,-0.99657601100000004,2.3724311399999999e-07,-0.082681402599999995,2.5959570800000002e-07,1,-2.5959579400000001e-07,0.082681402599999995,-2.8017066699999998e-07,-0.99657601100000004),[mg('\180Z\132A','\247\53')]=25,[mg('\154D#\177\247\223\186H\5\186\226\212','\217\49Q\195\146\177')]=mg('\201\156O\235\149]','\153\249.'),[mg("%z9\'(#|k\2n#:/%Kk\30",'l\29WHZF?\4')]=false},[mg('\148\222\153\218\226\242\144\216','\194\183\247\191')]={[mg('U\181~\162h','\26\199')]=17,[mg('\211\129Z\225\247\135F\230','\131\238)\136')]=H[mg('D\132Of\175X','\a\194=')][mg('\195\200\218','\173')](-19303.25,7.3095459900000002,18899.9277,-0.84210872699999995,0,-0.53930777299999999,0,1,0,0.53930777299999999,0,-0.84210872699999995),[mg('\165+\149\48','\230D')]=250,[mg('\218\241\169\191/\222\250\253\143\180:\213','\153\132\219\205J\176')]=mg('7\149\241\21\156\227','g\240\144'),[mg('\253\139qb\156\159\252\216\218\159k\127\155\153\203\216\198','\180\236\31\r\238\250\191\183')]=false},[mg('\135W5\5\235s$\3','\203\54Cd')]={[mg('\193\222\234\201\252','\142\172')]=18,[mg('A\175\252!e\169\224&','\17\192\143H')]=H[mg('\225\20\150\195?\129','\162R\228')][mg('sxj','\29')](-71.781456000000006,12.810639399999999,15.9462814,-0.74431115400000003,-3.6658599399999998e-07,-0.66783297100000005,-2.59595396e-07,1,-2.5959522500000001e-07,0.66783297100000005,-1.9853251500000002e-08,-0.74431115400000003),[mg('\129\254\177\229','\194\145')]=750,[mg('\253\208\240\182\199Q\221\220\214\189\210Z','\190\165\130\196\162?')]=mg('\196\227\139\230\234\153','\148\134\234'),[mg('\t$)\211\227\27N\241.03\206\228\29y\241\50','@CG\188\145~\r\158')]=false},[mg('\31RDs}\194\55U\bWt\209','^&(\18\19\182')]={[mg('\178\246\153\225\143','\253\132')]=19,[mg('\127\213\222\183[\211\194\176','/\186\173\222')]=H[mg('L \199n\v\208','\15f\181')][mg('\182\189\175','\216')](-13945.968800000001,13.0212469,-20255.3125,-0.99999988100000003,0,-0.00054350309100000005,0,1,0,0.00054350309100000005,0,-0.99999988100000003),[mg('\254\25\206\2','\189v')]=1000,[mg('\\\157R\204\163C|\145t\199\182H','\31\232 \190\198-')]=mg('\157[\135\191R\149','\205>\230'),[mg('\176\166\177]\213\233M6\151\178\171@\210\239z6\139','\249\193\223\50\167\140\14Y')]=false},[mg('\201\30{2\252\227\17:\4\232\237','\138r\26A\143')]={[mg('\165*\142=\152','\234X')]=20,[mg('(\173\133v\f\171\153q','x\194\246\31')]=H[mg('\186A_\152jH','\249\a-')][mg('\225\234\248','\143')](-41511.468800000002,9.0661134699999995,-20492.037100000001,-0.99999558899999996,-9.9326969199999996e-16,-0.00297134626,-9.9526710099999995e-16,1,6.7075130900000004e-16,0.00297134626,6.7370560099999998e-16,-0.99999558899999996),[mg('\191\137\143\146','\252\230')]=2000,[mg('\179D\159d\209V\147H\185o\196]','\240\49\237\22\180\56')]=mg('\130\57l\160\48~','\210\\\r'),[mg('8\176\127\5+{\222,\31\164e\24,}\233,\3','q\215\17jY\30\157C')]=false},[mg('\188\245\236\142\155\155\176\202\155\153','\239\144\143\252\254')]={[mg('\186\0\145\23\135','\245r')]=21,[mg('t\182\200\50P\176\212\53','$\217\187[')]=H[mg('\227E7\193n ','\160\3E')][mg('\175\164\182','\193')](-19442.830099999999,9.6145324700000003,18836.921900000001,0.92368370300000002,0,0.383155882,0,1,0,-0.383155882,0,0.92368370300000002),[mg('\250$\202?','\185K')]=1,[mg('\vm\185=\15Y+a\159\54\26R','H\24\203Oj7')]=mg('\205\52\231\53\253','\142['),[mg('\222h\174\147\55\215\233\162\249|\180\142\48\209\222\162\229','\151\15\192\252E\178\170\205')]=false},[mg('\198<}Y\147u\251+;u\154{','\143R\27\48\253\28')]={[mg('\190[\149L\131','\241)')]=22,[mg("\'/}\23\3)a\16",'w@\14~')]=H[mg('U\174\232w\133\255','\22\232\154')][mg("\',>",'I')](-94.912666299999998,8.2981948899999995,-26.949325600000002,0.000889187853,2.5936444099999998e-07,0.99999958300000003,2.5959556599999998e-07,1,-2.59595367e-07,-0.99999958300000003,2.5982629400000002e-07,0.000889187853),[mg('\225\25\209\2','\162v')]=0,[mg('\3\128\29\188\228f#\140;\183\241m','@\245o\206\129\b')]=mg('\153\248\150','\215'),[mg('!r\234\168F\166r\142\6f\240\181A\160E\142\26','h\21\132\199\52\195\49\225')]=false},[mg('\219\221\214\158\192\238\216\159\181\211\236','\139\188\191\240\180')]={[mg('9\190\18\169\4','v\204')]=23,[mg('\250Sh\210\222Ut\213','\170<\27\187')]=H[mg('\155\22\193\185=\214','\216P\179')][mg('K@R','%')](209.42854299999999,21.135656399999998,3132.4709499999999,-0.99275690299999997,2.8890295300000002e-07,-0.12014045600000001,2.5959531100000001e-07,1,2.5959548099999999e-07,0.12014045600000001,2.26527291e-07,-0.99275690299999997),[mg('\4\221\52\198','G\178')]=25,[mg('fl\147\140\195\241F\96\181\135\214\250','%\25\225\254\166\159')]=mg('f\246\144\175\134\141\162V\242\135\164\156\206\184','#\128\245\193\242\173\193'),[mg('\96\n@\225.c8\202G\30Z\252)e\15\202[',')m.\142\\\6{\165')]=true},[mg("\'\186uQ\189\17\251C]\191",'e\219\6:\216')]={[mg('1\217\26\206\f','~\171')]=24,[mg('6\165G\204\18\163[\203','f\202\52\165')]=H[mg('\169\209\244\139\250\227','\234\151\134')][mg('!*8','O')](199.386169,21.135656399999998,3133.67578,-0.99275690299999997,2.8890298200000002e-07,-0.12014045600000001,2.59595339e-07,1,2.5959542399999999e-07,0.12014045600000001,2.26527263e-07,-0.99275690299999997),[mg("|<L\'",'?S')]=500,[mg('\213 \216\191\1\153\245,\254\180\20\146','\150U\170\205d\247')]=mg('\25\150\181:\143\156\254)\146\162\49\149\223\228','\\\224\208T\251\188\157'),[mg('\154\136\221\164\248u\221\171\189\156\199\185\255s\234\171\161','\211\239\179\203\138\16\158\196')]=true},[mg('W0\222R\187t5\139g?\195_\254Cr\174','\18Q\173&\222\6\21\201')]={[mg('F\23m\0{','\te')]=25,[mg('\195\17\188A\231\23\160F','\147~\207(')]=H[mg('D\237\236f\198\251','\a\171\158')][mg('\147\152\138','\253')](188.800049,21.135656399999998,3134.9265099999998,-0.99275690299999997,2.8890298200000002e-07,-0.12014045600000001,2.59595367e-07,1,2.59595396e-07,0.12014045600000001,2.2652722e-07,-0.99275690299999997),[mg('\203~\251e','\136\17')]=2500,[mg('\159i\209\a\133\168\191e\247\f\144\163','\220\28\163u\224\198')]=mg('\164\213Pg\185Pi\148\209Gl\163\19s','\225\163\53\t\205p\n'),[mg('\182\28\136\55\184vG\20\145\b\146*\191pp\20\141','\255{\230X\202\19\4{')]=true},[mg('\161\235\29\16\248\215\133\247\\#\250\222','\233\142|f\157\185')]={[mg('(\15\3\24\21','g}')]=26,[mg('\235\v\50\180\207\r.\179','\187dA\221')]=H[mg('d\225XF\202O',"\'\167*")][mg('\151\156\142','\249')](179.20648199999999,21.135656399999998,3136.0595699999999,-0.99275690299999997,2.8890295300000002e-07,-0.12014045600000001,2.5959531100000001e-07,1,2.5959545299999999e-07,0.12014045600000001,2.26527263e-07,-0.99275690299999997),[mg('\239H\223S',"\172\'")]=7500,[mg('\205\223Q&uo\237\211w-\96d','\142\170#T\16\1')]=mg('\246q\140\210\129|\147\198u\155\217\155?\137','\179\a\233\188\245\\\240'),[mg('\19\208*\r\136\250\138N4\196\48\16\143\252\189N(','Z\183Db\250\159\201!')]=true},[mg('.\20\130\181u\190$\28\27\158\165#\158\49\b','oz\236\220\3\219V')]={[mg('\196-\239:\249','\139_')]=27,[mg('@\155\170\207d\157\182\200','\16\244\217\166')]=H[mg('[\207\239y\228\248','\24\137\157')][mg('7<.','Y')](2444.7214399999998,3161.02612,852.37481700000001,-0.58069765600000001,0,-0.81411927900000003,0,1,0,0.81411927900000003,0,-0.58069765600000001),[mg('\207\170\255\177','\140\197')]=415,[mg('\197\133Bf_\171\229\137dmJ\160','\134\240\48\20:\197')]=mg('!\19\v\5','fv'),[mg('\201\217v!\208\232\219\250\238\205l<\215\238\236\250\242','\128\190\24N\162\141\152\149')]=false}},{[mg('\166B\197\244@\244\151X\215\187}\238\150','\242*\160\212\15\130')]={[mg('\171*\128=\150','\228X')]=1},[mg('N\169\181\199\19\186n\210#\144\186\220\21\191j\196f','\3\192\219\174t\219\3\183')]={[mg('1\160\26\183\f','~\210')]=2},[mg('\209g\175\18-\162Q\188\22\48','\130\2\217wC')]={[mg('\180\137\159\158\137','\251\251')]=3}},{[mg('\172\16F\236\217\6\238\167\221\231Z\134\fE\241\151*\246\183\138\221M','\229~ \133\183o\154\222\242\180?')]={[mg('2\5\25\18\15','}w')]=1,[mg('\153\245\177\255\181','\208\152')]=mg(':\221_\161\219\tK>z_\29\157t\127\141\19\248\144H\22{$\3\23\138n~',"H\191\'\192\168z.J\19;\'\178[")},[mg("\129=\194\195T\129\'\207\205\a",'\211H\172\166t')]={[mg('\155[\176L\166','\212)')]=2,[mg('6\208\30\218\26','\127\189')]=mg("yt!\206u\213\212-\169\142\132\222\201\50\'a\154\54\146\137h\248\216\142\197\212<",'\v\22Y\175\6\166\177Y\192\234\190\241\230')},[mg('\154&wHc\161\142\138<o_x\183\194','\201N\22,\f\214\174')]={[mg('\6 -7;','IR')]=3,[mg('!\b\t\2\r','he')]=mg('\139@&Ow\147\255S\234NS\139\t\204\201\22h\25\48\214\171\16\187\26Q\144\21\197',"\249\"^.\4\224\154\'\131*i\164&\253")},[mg('h{\180\201d\fZ\185\201{H',',\t\209\168\t')]={[mg('\181b\158u\136','\250\16')]=4,[mg('\138B\162H\166','\195/')]=mg('B\6\0\214XW\154\197\195\131\131\57Fu\2]K\142\27\19\206\137\153\215\140.Y|','0dx\183+$\255\177\170\231\185\22iD')},[mg('\244\255\138\4\\p\195\193\236\136\fW>\241','\179\141\239a2P\133')]={[mg('\174\55\133 \147','\225E')]=5,[mg(')\130\1\136\5','\96\239')]=mg('\197\210\137\247\183\28\212\176j#\142|\151\139\135\132\196\163\243Z\132\253\50t\128c\138\136','\183\176\241\150\196o\177\196\3G\180S\184\186')}},{[mg('\141\199\158\247\144\195\158\180\181','\221\162\234\215')]={[mg('\193\31\234\b\252','\142m')]=1,[mg('\131\251\18]\167\253\14Z','\211\148a4')]=H[mg('\142\175\t\172\132\30','\205\233{')][mg('\161\170\184','\207')](9909.4902299999994,2907.40771,225.727768,-0.99770516200000003,2.7657637199999997e-07,-0.067708164500000001,2.59595367e-07,1,2.5959545299999999e-07,0.067708164500000001,2.4142301000000001e-07,-0.99770516200000003),[mg('S\224c\251','\16\143')]=5000},[mg('IC\223\206\162OQ\206\219\242o','\n\"\173\186\130')]={[mg('\v\137 \158\54','D\251')]=2,[mg('\145\27\169e\181\29\181b','\193t\218\f')]=H[mg('t\222eV\245r','7\152\23')][mg('zqc','\20')](9901.24316,7681.2260699999997,254.462311,-0.955711961,-3.24498387e-07,0.29430365600000002,-2.5959542399999999e-07,1,2.5959559499999998e-07,-0.29430365600000002,1.7169873000000001e-07,-0.955711961),[mg('\238\217\222\194','\173\182')]=200000},[mg('\18\a\130/\207\96+\140!\204','@h\224@\187')]={[mg('E}njx','\n\15')]=3,[mg('\151\156\6\236\179\154\26\235','\199\243u\133')]=H[mg('\2\160\164 \139\179','A\230\214')][mg('XSA','6')](9888.1279300000006,13409.247100000001,261.94576999999998,-0.99999755599999995,-2.6017173100000001e-07,0.0022217128399999999,-2.5959562300000003e-07,1,2.5959553799999998e-07,-0.0022217128399999999,2.5901815100000002e-07,-0.99999755599999995),[mg('\1\160\49\187','B\207')]=2500000},[mg('\230\129L\237\248\142\188]\250\254\221','\174\248<\136\138')]={[mg('R\206y\217o','\29\188')]=4,[mg('*\23Y\251\14\17E\252','zx*\146')]=H[mg('M@YokN','\14\6+')][mg('\222\213\199','\176')](9860.1914099999995,20089.099600000001,254.75614899999999,-0.76200717699999998,3.6591973200000002e-07,0.64756858299999998,2.5959570800000002e-07,1,-2.5959556599999998e-07,-0.64756858299999998,-2.9707671000000001e-08,-0.76200717699999998),[mg('2\244\2\239','q\155')]=5000000}},{[mg('3@\5X','v!')]={[mg('\157f\182q\160','\210\20')]=1},[mg('\223\180\158\251\164\151','\146\209\250')]={[mg('K#\96\52v','\4Q')]=2},[mg('\153\0\163\5','\209a')]={[mg('}aVv@','2\19')]=3},[mg('P2\249x2\239','\25\\\138')]={[mg('\29l6{ ','R\30')]=4}},{[mg('X\132c\229M\131v\160','\25\234\26\197')]={[mg('\127\133T\146B','0\247')]=1,[mg('\21\152=\146\57','\\\245')]=mg('\208\30h*\228\14\141\214\21tq\184R\216','\162|\16K\151}\232')},[mg('\178\210\180\171]\0\131\130\156\151\174Z\17\158\137','\251\188\210\194\51i\247')]={[mg('u&^1H',':T')]=3,[mg('\223\239\247\229\243','\150\130')]=mg('\253\143?\249\25}}p\235\152\239\247\154\184\223s\160R< 5\181\196\229\224\128\185','\143\237G\152j\14\24\4\130\252\213\216\181')}},{[mg('\17','!')]={[mg('\167\185\140\174\154','\232\203')]=1},[mg('k','Z')]={[mg('\129\181\170\162\188','\206\199')]=2},[mg('\179','\129')]={[mg('\237\210\198\197\208','\162\160')]=3},[mg('\131','\176')]={[mg('\189\52\150#\128','\242F')]=4},[mg('$','\16')]={[mg('-\21\6\2\16','bg')]=5},[mg('\132','\177')]={[mg('\206+\229<\243','\129Y')]=6}},{[mg('\251\23\191\127\25\209G\147s\27','\168g\214\20|')]={[mg('j<O?Y','=S')]=mg(',\179\134bl\204\29\169\148-Q\214\28','x\219\227B#\186')},[mg('a\177\51eM\240\17oK',',\208T\b')]={[mg('Abdar','\22\r')]=mg('\r?\237\226\139\165<%\255\173\182\191=','YW\136\194\196\211')},[mg('=%/\175V\31;v\153E\25','~WV\220\"')]={[mg('\231\172\194\175\212','\176\195')]=mg(']\219\28%\197\169l\193\14j\248\179m','\t\179y\5\138\223')},[mg('\21\235\145\226+\190\186\228>','Y\158\255\131')]={[mg('\18\225\55\226!','E\142')]=mg('\27_\203J\28&*E\217\5!<+','O7\174jSP')},[mg('\131\209^\187\245\251P\184','\213\190\55\223')]={[mg('\215\155\242\152\228','\128\244')]=mg('\238\215\177\133&\194\223\205\163\202\27\216\222','\186\191\212\165i\180')},[mg('\16\166sKx\134x@',"X\195\31\'")]={[mg('1\30\20\29\2','fq')]=mg('k\6\30!\233\165Z\28\fn\212\191[','?n{\1\166\211')},[mg('q;\217-d\19^ \219eU\25X','?R\190E\16~')]={[mg('j\173O\174Y','=\194')]=mg(