local rd=(getfenv())local rm,kc,La=(string.char),(string.byte),(bit32 .bxor)local cb=function(On,Ah)local Kk=''for Xh=166,(#On-1)+166 do Kk=Kk..rm(La(kc(On,(Xh-166)+1),kc(Ah,(Xh-166)%#Ah+1)))end return Kk end local dp,Kj=(string.gsub),(string.char)local Ab=(function(Ye)Ye=dp(Ye,'[^ABCDEFGHIJKLMNOPQRSTUVWXYZabcdefghijklmnopqrstuvwxyz0123456789+/=]','')return(Ye:gsub('.',function(Ro)if(Ro=='=')then return''end local qi,ri='',(('ABCDEFGHIJKLMNOPQRSTUVWXYZabcdefghijklmnopqrstuvwxyz0123456789+/'):find(Ro)-1)for Hk=6,1,-1 do qi=qi..(ri%2^Hk-ri%2^(Hk-1)>0 and'1'or'0')end return qi end):gsub('%d%d%d?%d?%d?%d?%d?%d?',function(yf)if(#yf~=8)then return''end local nc=0 for zf=1,8 do nc=nc+(yf:sub(zf,zf)=='1'and 2^(8-zf)or 0)end return Kj(nc)end))end)if not(not rd[cb('\153p\147t','\254\17')][cb('x*\128\225P=\169\234','1Y\204\142')](rd[cb('\153p\147t','\254\17')]))then else rd[cb('\138\235\128\239','\237\138')][cb('+\128\196\3\138\193','g\239\165')][cb('\217<\231)','\142]')](rd[cb('\138\235\128\239','\237\138')][cb('+\128\196\3\138\193','g\239\165')])end if not(rd[cb('\25\30\19\26','~\127')][cb('\132?~\183\54V\176','\212S\31')]~=85896571713843)then else return end local yh=rd[cb('VC\\G','1\"')][cb('xL|<\188M_a\f\188','?)\bo\217')](rd[cb('VC\\G','1\"')],cb('\152\171\"\177\162\49\187','\200\199C'))local pj,ga,A,sl,ko,mi,uh,vi,ml,bh,af,Be,Hg,Lm=yh[cb('>\224:D\177\"\227\56\\\184\0','r\143Y%\221')],rd[cb('I\96Cd','.\1')][cb('\252\54\195b\186\201%\222R\186','\187S\183\49\223')](rd[cb('I\96Cd','.\1')],cb('M\177\209\29L\158|\180\194\17A\168','\25\198\180x\"\205')),rd[cb('\17\180\27\176','v\213')][cb('Z\17R\191\213o\2O\143\213','\29t&\236\176')](rd[cb('\17\180\27\176','v\213')],cb('W\5\144\151Q\213\227%v%\144\151n\210\240\53','\2v\245\229\24\187\147P')),rd[cb('\154i\144m','\253\b')][cb('%\192|~0\16\211aN0','b\165\b-U')](rd[cb('\154i\144m','\253\b')],cb('\214\3\211\30\f\227\0\211.\f','\145v\186Mi')),rd[cb('n\250d\254','\t\155')][cb('\227\16\182\175=\214\3\171\159=','\164u\194\252X')](rd[cb('n\250d\254','\t\155')],cb('\179V\159\"F\147U\152\18F','\225#\241q#')),rd[cb('\138\136\128\140','\237\233')][cb('\168\246.B\207\157\229\51r\207','\239\147Z\17\170')](rd[cb('\138\136\128\140','\237\233')],cb('p\219\140\135\133]\221\142\158\181]','8\175\248\247\214')),rd[cb('\21\187\31\191','r\218')][cb('A\131l\158\16t\144q\174\16','\6\230\24\205u')](rd[cb('\21\187\31\191','r\218')],cb('Y{,\255\218\149u\233nz\15\231\220\132u\250n','\v\30\\\147\179\246\20\157')),rd[cb('\t\140\3\136','n\237')][cb('\16!;\5\236%2&5\236','WDOV\137')](rd[cb('\t\140\3\136','n\237')],cb('\245\226$\144\15D\18\178r\189\223\226$\183\15N\16\154r\172','\182\141J\228j<f\243\17\201')),rd[cb('\207\54\197\50','\168W')][cb('\228\150\250\148\215\209\133\231\164\215','\163\243\142\199\178')](rd[cb('\207\54\197\50','\168W')],cb('\"\243\140d\26\243\133k','n\154\235\f')),rd[cb('jK\96O','\r*')][cb('\197\185a\\\159\240\170|l\159','\130\220\21\15\250')](rd[cb('jK\96O','\r*')],cb('\220u\167\1r\235p\128\6b\248','\138\28\213u\a')),rd[cb('.K$O','I*')][cb('\229\50\252\253\r\208!\225\205\r','\162W\136\174h')](rd[cb('.K$O','I*')],cb('\143\231\163\17mZ\213\230\254\169\251\165(yU\216\200\245\171','\217\142\209e\24;\185\175\144')),rd[cb('4m>i','S\f')][cb('\200.\209I\131\253=\204y\131','\143K\165\26\230')](rd[cb('4m>i','S\f')],cb('\211\2\149\143\230\27c\243\52\156\152\224\29r\226','\135g\249\234\150t\17')),false,cb('\b\54\131\232=\210\t<\149\239i\216\3','qY\246\154\29\183')if rd[cb("\198\'\v\224Cy\29\t\202;\v\237Bd\20\2",'\175Cn\142\55\16{p')]then Lm=cb('\234\234','\192')..rd[cb('{\213\28\192\242a\245\157w\201\28\205\243|\252\150','\18\177y\174\134\b\147\228')]()..cb('\20\20','>')end local ph=rd[cb('\152\164\184\186\176\164\168\171','\209\202\203\206')][cb(';0\"','U')](cb('\244\206K\194\194\195~\210\206','\167\173\57\167'),pj[cb('\16\147vft\166\53\177w{^\173','G\242\31\18\50\201')](pj,cb('=Ni\16\bPO\28\4','m\"\bi')));ph[cb('\233\139\202\143','\167\234')]=cb('\187\174\220xp\24\4\248!\164\157\235Y\4J+\226\"','\233\248\133,@/I\151E');ph[cb('o\169\129Rd\214R\143\128Fm\197','+\192\242\"\b\183')]=999;ph[cb('\156B\130\50S\181\144\160L\165\51R\181\163','\213%\236]!\208\215')]=true;ph[cb('\181\222\133\20\205R\137\232\134\16\206s','\231\187\246q\185\29')]=false local oe=rd[cb('\154\f\226\18\178\f\242\3','\211b\145f')][cb('\210\217\203','\188')](cb('H\149o\138k','\14\231'),ph);oe[cb('\131%\170)','\208L')]=rd[cb('W,k\5\48','\2h')][cb('DO]','*')](1,0,1,0);oe[cb('\151\169\160\n\179\175\188\r','\199\198\211c')]=rd[cb('i\173U\132\14','<\233')][cb('\23\28\14','y')](0,0,0,1);oe[cb('_\233\231\26\26;\203\172\132\174\191o\233\234\2\r(\214\188\132\169\146','\29\136\132q}I\164\217\234\202\235')]=1;oe[cb('#\0\96\29,v','yI\14')]=969;oe[cb('E\130\50m\151#','\4\225F')]=true;oe[cb('[\169\\\184\213|\173R\177\211','\b\204\48\221\182')]=true local Ud,zo,Jd,Ae={},{},{[cb('\223\r=\\\211\214\25=P\155','\158xI3\243')]=0,[cb('#\129 \181\131\16\3\206\18\183\150\22','s\238W\208\241e')]=0,[cb('\191\229 \146\253>\149\160\147\176\4\148\190\19\129\162\141','\254\144T\253\221x\244\210')]=0,[cb('s\130\223[\142(\238_\215\236Q\192\6\238','2\247\171\52\174o\139')]=0,[cb('\165]\180q\19\160\191\138A\167\127^\136\165','\228(\192\30\51\237\214')]=0,[cb('(\210S\228\200\216v\b\213C\236\137\247|',"i\167\'\139\232\154\25")]=0,[cb('\22R\149B\201\20>T\137D\135\53',"W\'\225-\233R")]=0,[cb('\135\227\133\183\144\151\127\210\168\226\209\138\217\180}\196','\198\150\241\216\176\210\t\183')]=0,[cb('6\25\169\240L7?\168\26\3\179\191>\r,\177\4','wl\221\159ldJ\197')]=0},{[cb('\146\180\23\216\201\155\160\23\212\129','\211\193c\183\233')]=false,[cb('\t\170m\145V\170)\229_\147C\172','Y\197\26\244$\223')]=false,[cb('\159+\151\169\v\18\247\26\179~\179\175H?\227\24\173','\222^\227\198+T\150h')]=false,[cb('$\201r\245X\131[\b\156A\255\22\173[','e\188\6\154x\196>')]=false,[cb('\217\226\135\199\127\216\165\246\254\148\201\50\240\191','\152\151\243\168_\149\204')]=false,[cb("\196\205\233\217|\'<\228\202\249\209=\b\54",'\133\184\157\182\\eS')]=false,[cb('\225\n\176\248\127\54\201\f\172\254\49\23','\160\127\196\151_p')]=false,[cb('\182^\176d\216\t\255\175\153_\228Y\145*\253\185','\247+\196\v\248L\137\202')]=false,[cb('|\190\225\181\255\166D\198P\164\251\250\141\156W\223N','=\203\149\218\223\245\49\171')]=false};ko[cb('i\226\195\143\224\145h\243\200\155\245\134_',';\135\173\235\133\227')][cb('-\181J\0\191G\26','n\218$')](ko[cb('i\226\195\143\224\145h\243\200\155\245\134_',';\135\173\235\133\227')],function()for Qb,_k in rd[cb('\190\129\167\146\189','\206\224')](Ud)do if not(Ud[Qb]~=Ae[Qb])then else Ae[Qb]=Ud[Qb]if Ud[Qb]then Jd[Qb]=rd[cb('\143D\152F','\251-')]()end if Qb==cb('\242,\27\251\48\251\56\27\247x','\179Yo\148\16')and Ud[Qb]then Ud[cb('6\6\bf\ro,>\190\223y\177\22\23\19~\ry$/\184\138Z\170','ws|\t-)ML\211\255*\217')]=false;Ud[cb('\153\178}\140Ev\213\182\174n\130\b^\207','\216\199\t\227e;\188')]=false;Ud[cb('\221Q\215\209\131\211\49\253V\199\217\194\252;','\156$\163\190\163\145^')]=false;Ud[cb('\190@\176\165\195n\150F\172\163\141O','\255\53\196\202\227(')]=false end if Qb==cb('\194\188P\161Q\198)h\238\233t\167\18\235=j\240','\131\201$\206q\128H\26')and Ud[Qb]then Ud[cb('|s^m\208ug^a\152','=\6*\2\240')]=false;Ud[cb('x^P\190\134\230\157T\vc\180\200\200\157','9+$\209\166\161\248')]=false;Ud[cb('9|#$\181dL\22\96\48*\248LV','x\tWK\149)%')]=false;Ud[cb('{\238\173\169hj\142[\233\189\161)E\132',':\155\217\198H(\225')]=false;Ud[cb('GI\212\194\195\30oO\200\196\141?','\6<\160\173\227X')]=false end if not(Qb==cb("\193\'\127\27\170\2X\237rL\17\228,X",'\128R\vt\138E=')and Ud[Qb])then else Ud[cb('\176\241\6\219\178\180\30\198t\186\191\184\144\224\29\195\178\162\22\215r\239\156\163','\241\132r\180\146\242\127\180\25\154\236\208')]=false;Ud[cb('\222\160\213\131P\249C\254\167\197\139\17\214I','\159\213\161\236p\187,')]=false;Ud[cb('\170\225c\17O\186\130\231\127\23\1\155','\235\148\23~o\252')]=false end if Qb==cb('|\183]\135\5t\173S\171N\137H\\\183','=\194)\232%9\196')and Ud[Qb]then Ud[cb('\30\r\204\238\v\23\25\204\226C','_x\184\129+')]=false;Ud[cb('\0\232\170Mj(\144/\166\bXG \249\177Uj>\152>\160]{\\','A\157\222\"Jn\241]\203(\v/')]=false;Ud[cb('\137\20\128\193\128}\240\169\19\144\201\193R\250','\200a\244\174\160?\159')]=false;Ud[cb('\164CJ\21\177\192\140EV\19\255\225','\229\54>z\145\134')]=false end if Qb==cb('\251:\138\252\239F\233\219=\154\244\174i\227','\186O\254\147\207\4\134')and Ud[Qb]then Ud[cb('\96\234\20\26\209i\254\20\22\153','!\159\96u\241')]=false;Ud[cb('\236\b\172;\163\22\136C\153z+\168\204\25\183#\163\0\128R\159/\b\179','\173}\216T\131P\233\49\244Zx\192')]=false;Ud[cb('\216\219\220\201\206X\f\244\142\239\195\128v\f','\153\174\168\166\238\31i')]=false;Ud[cb('\2\214j\r\137\134\t-\202y\3\196\174\19','C\163\30b\169\203\96')]=false;Ud[cb('\3q\175:A\164+w\179<\15\133','B\4\219Ua\226')]=false end if not(Qb==cb('\f\223\245\248\236/$\217\233\254\162\14','M\170\129\151\204i')and Ud[Qb])then else Ud[cb('\251\147\165\30\3\242\135\165\18K','\186\230\209q#')]=false;Ud[cb('\179#In\170+\6\5q\150C\0\147\50Rv\170=\14\20w\195\96\27','\242V=\1\138mgw\28\182\16h')]=false;Ud[cb('\150\233\165\229\25)\129\186\188\150\239W\a\129','\215\156\209\138\57n\228')]=false;Ud[cb('9\216\228\25\179\168n\22\196\247\23\254\128t','x\173\144v\147\229\a')]=false;Ud[cb('Q\22o\144\155\0\146q\17\127\152\218/\152','\16c\27\255\187B\253')]=false end if Qb==cb('\188\52\190\196&8\147\177\147\53\234\249o\27\145\167','\253A\202\171\6}\229\212')and Ud[Qb]then Ud[cb('\196\235\202\v\28\20\212\252\232\241\208Dn.\199\229\246','\133\158\190d<G\161\145')]=false end if not(Qb==cb('\233<\214\182p\202aW\197&\204\249\2\240rN\219','\168I\162\217P\153\20:')and Ud[Qb])then else Ud[cb('\197\242r\195\14_\29\180\234\243&\254G|\31\162','\132\135\6\172.\26k\209')]=false end end end end);pj[cb('\231+\142\171\210\53\168\167\222','\183G\239\210')][cb("%\23W\29\128\'\27Z\20\128",'f\127>q\228')][cb('.1\216\3;\213\25','m^\182')](pj[cb('\231+\142\171\210\53\168\167\222','\183G\239\210')][cb("%\23W\29\128\'\27Z\20\128",'f\127>q\228')],function()local jc=pj[cb('5f\248\149\0x\222\153\f','e\n\153\236')][cb('\197\141\201\4\252\129S\240\144\228\b\211\132E','\131\228\167\96\186\232!')](pj[cb('5f\248\149\0x\222\153\f','e\n\153\236')],cb('\152\211hU\236t\135\234UL\185-\191','\202\133\49\1\220C'))if not(jc)then else jc[cb('\210]\135\244\245K\239{\134\224\252X','\150\52\244\132\153*')]=9999 end end)local Kg=uh[cb("\5[\'\174\22\r\212\48F\n\162\57\b\194",'C2I\202Pd\166')](uh,cb('*y\152\139)\19r\143\151\24\14','k\23\236\226l'))if not(Kg)then else rd[cb('\127\178z\189','\b\211')](rd[cb('\248T\205\226N\216','\139 \191')][cb('a\188Ij\178O','\a\211;')](cb(Ab'pDOlkxGDnxW5AkFbA5fAUE4QmWvZA45EzzuLKLBUXY0K9G4CF3qSHNylRNHWRvw4Y2s/w+RBGh7XSZgYkESUapFt/BxOi0T7ax4VNQ==',Ab'9mX8xyG0uGaZQAYISreBJTp/uS24ceNk5x74AZA8PP4qlQJwchs='),cb('/\211\19j\207\n','Y\225=')));ph[cb('a\200JQ\223V\\','%\173\57')](ph)return end rd[cb('HmQqL','8\31')](rd[cb('h\239\193r\245\212','\27\155\179')][cb('\17vV\26xP','w\25$')](cb("\96C\211\194\183a\219\18\'\157\r\140\6/\191\251\193z\164\194\228\134_5\162\179\244\127\220\bt\255$\176\56/\140\251\219{\237\234\226\218",'2\21\138\150\135V\252a\a\223J\223O\15\254\142\181\21\132\132\133\244'),cb('2\211\227w\207\250','D\225\205')));rd[cb('o\148h\158','\27\245')][cb('\163\246\177\241\190','\208\134')](function()while not Ud[cb('\133\137\159\31\142\147\133\25\134','\194\220\214\\')]do local Wf=uh[cb('\208\248\5\132\52J\239\229\229(\136\27O\249','\150\145k\224r#\157')](uh,cb('v\200N\175iO\195Y\179XR','7\166:\198,'))if not Wf then local Bo=rd[cb('r\211\209\170Z\211\193\187',';\189\162\222')][cb('\182\189\175','\216')](cb('\16\48;0\4>8)7','R_T\\'));Bo[cb('\240\164\211\160','\190\197')]=cb('\t\132\133W\197\48\143\146K\244-','H\234\241>\128');Bo[cb('K,\n~#\f','\27Mx')]=uh end ph=pj[cb('\20E\136.\148\174\49g\137\51\190\165','C$\225Z\210\193')](pj,cb('c\246\aXV\232!TZ','3\154f!'))[cb('\183\224\b\162\238\140\243\130\253%\174\193\137\229','\241\137f\198\168\229\129')](pj[cb('\20E\136.\148\174\49g\137\51\190\165','C$\225Z\210\193')](pj,cb('c\246\aXV\232!TZ','3\154f!')),cb('\157Q~\177)\22=P\26\130bI\144]D\18J\25',"\207\a\'\229\25!p?~"))if not ph or not ph[cb('MrG\2\52]3q|\96\3\53]\0','\4\21)mF8t')]or not ph[cb('!C1\6A5\0','d-P')]or ph[cb('\164\187\217H\205=\152\141\218L\206\28','\246\222\170-\185r')]or ph[cb('\204\179\237yfu\241\149\236mof','\136\218\158\t\n\20')]~=999 or not ph[cb('\246\148\208\230\253\134\203\195\137\253\234\210\131\221','\176\253\190\130\187\239\185')](ph,cb('\174\31\137\0\141','\232m'))or not ph[cb('\236\55\195%}\239E\217*\238)R\234S','\170^\173A;\134\55')](ph,cb('\254o\217p\221','\184\29'))[cb('\223\196\218\247\209\203','\158\167\174')]or not ph[cb('\130\25\31\200S\215\31\183\4\50\196|\210\t','\196pq\172\21\190m')](ph,cb('K\173l\178h','\r\223'))[cb('\5(\247:#\232\54','SA\132')]or ph[cb('D\181\158N6\139{q\168\179B\25\142m','\2\220\240*p\226\t')](ph,cb('\158\128\185\159\189','\216\242'))[cb('>\133\23\137','m\236')]~=rd[cb('\15\213\51\252h','Z\145')][cb('LGU','\"')](1,0,1,0)or ph[cb('U\191:\239\253\233\31\96\162\23\227\210\236\t','\19\214T\139\187\128m')](ph,cb('\213\153\242\134\246','\147\235'))[cb('\130\243\156j\166\245\128m','\210\156\239\3')]~=rd[cb('cN_g\4','6\n')][cb('IBP',"\'")](0,0,0,1)or ph[cb('\24\234\182\20\198_\204-\247\155\24\233Z\218','^\131\216p\128\54\190')](ph,cb('\244:\211%\215','\178H'))[cb('h\30\235V2\253','2W\133')]~=969 then if ph then ph[cb('C\31\25s\b\5~','\azj')](ph)end ph=rd[cb('\201\200u:\225\200e+','\128\166\6N')][cb('38*',']')](cb('\b<\133\53>1\176%2','[_\247P'),rd[cb('6\235<\239','Q\138')][cb('\227\54\240\202?\227\192','\179Z\145')][cb('V\219\236\153DJ\216\238\129Mh','\26\180\143\248(')][cb('\148M\161\159\241\25\177o\160\130\219\18','\195,\200\235\183v')](rd[cb('6\235<\239','Q\138')][cb('\227\54\240\202?\227\192','\179Z\145')][cb('V\219\236\153DJ\216\238\129Mh','\26\180\143\248(')],cb('\150\157~\137\163\131X\133\175','\198\241\31\240')));ph[cb('\202\214\233\210','\132\183')]=cb('0\26\235\49zj\243\48F/)\220\16\14\56\220*E','bL\178eJ]\190_\"');ph[cb('\167\234>d\158\22\154\204?p\151\5','\227\131M\20\242w')]=999;ph[cb('\148>\219\178\174\195\211\168\48\252\179\175\195\224','\221Y\181\221\220\166\148')]=true;ph[cb('\157P\156d[{\161f\159\96XZ','\207\53\239\1/4')]=false local ui=rd[cb('\154\174\235K\178\174\251Z','\211\192\152?')][cb('K@R','%')](cb("\0&\'\57#",'FT'),ph);ui[cb('e1L=','6X')]=rd[cb('w\194K\235\16','\"\134')][cb('\195\200\218','\173')](1,0,1,0);ui[cb('\245N\30\\\209H\2[','\165!m5')]=rd[cb('\227\130\223\171\132','\182\198')][cb('\a\f\30','i')](0,0,0,1);ui[cb('E\227\3\bK\146B\31E\207\183u\227\14\16\\\129_\15E\200\154','\a\130\96c,\224-j+\171\227')]=1;ui[cb('\190\146\\\128\190J','\228\219\50')]=969;ui[cb('\228\133\157\204\144\140','\165\230\233')]=true;ui[cb('\145\53\149\251\192\182\49\155\242\198','\194P\249\158\163')]=true end rd[cb('\229\219\226\209','\145\186')][cb('\136\153\150\140','\255\248')](0.016666666666666666)end end)local Bk,Lg,em,Lh,Ka=cb('\242\173\186\164\254\207N\"\218\243\189\166\14\138\16\255\182\134\158\187\167B\5\233\212\157\151$\150+','\160\251\227\240\206\248\17\96\157\160\244\249C\229t')..pj[cb('R\fq\b','\28m')]..cb('+\157v\152k','\5\247'),cb('\169 \224\181E\139(\175\255\2','\229O\129\209,'),{[cb('\166\4k\21#w\192KJ\28+;','\241k\25yGW')]={[cb('\172\157\158$\136\155\130#','\252\242\237M')]=rd[cb('\226\189\18\192\150\5','\161\251\96')][cb('*!3','D')](-70.3784256,6862.18066,117.75927,0.99997562200000001,-2.6140133999999999e-07,0.0069818086899999998,2.5959522500000001e-07,1,2.5959542399999999e-07,-0.0069818086899999998,-2.5777666199999998e-07,0.99997562200000001)},[cb('\229\197L\132\178\204\129\14/\14\218\192\r\176\180\216\202):\28','\182\173-\224\221\187\161\\Jo')]={[cb('7\161\143e\19\167\147b','g\206\252\f')]=rd[cb('k\221\51I\246$','(\155A')][cb('\160\171\185','\206')](2354.1228000000001,3158.1853000000001,873.45281999999997,-0.433665156,3.4649215800000002e-07,0.90107411100000001,2.5959531100000001e-07,1,-2.5959542399999999e-07,-0.90107411100000001,1.2133710899999999e-07,-0.433665156)},[cb('\21\57/\139\215<0 \197\250','O\\A\171\158')]={[cb('o\r\166\171K\v\186\172','?b\213\194')]=rd[cb('F\n\24d!\15','\5Lj')][cb('K@R','%')](4.8062472300000003,15972.772499999999,43.796966599999998,0.99981224499999999,-2.5451632299999998e-07,-0.019377794100000002,2.5959545299999999e-07,1,2.5959516800000002e-07,0.019377794100000002,-2.6457681199999998e-07,0.99981224499999999)},[cb('\152\171\127\140\150\236\252\216\186\238@\201\163\230\254\221','\223\206\18\172\209\137\146\177')]={[cb('\145\159\247\222\181\153\235\217','\193\240\132\183')]=rd[cb('\151\142\165\181\165\178','\212\200\215')][cb('\214\221\207','\184')](4.9746746999999996,15976.543900000001,-0.74841928499999999,0.99976640900000002,-2.53923929e-07,0.021613849300000001,2.5959542399999999e-07,1,-2.5959556599999998e-07,-0.021613849300000001,2.6514575799999998e-07,0.99976640900000002)},[cb('\200\193jb\238\201j}\239','\138\174\v\16')]={[cb('\2\159/\184&\153\51\191','R\240\\\209')]=rd[cb('\r\52\22/\31\1','Nrd')][cb('$/=','J')](9793.75,26.101774200000001,30.150312400000001,0.99005234200000003,-2.9353807899999999e-07,0.14069949100000001,2.5959548099999999e-07,1,2.5959550999999999e-07,-0.14069949100000001,-2.2048820400000001e-07,0.99005234200000003)},[cb('fc\192\228\17&G*\224\252\25?N',' \n\179\140xH')]={[cb('\145c\217&\181e\197!','\193\f\170O')]=rd[cb('\149\184\16\183\147\a','\214\254b')][cb('\146\153\139','\252')](-23662.912100000001,7.5776963200000003,-79.410987899999995,1,2.59595396e-07,-1.1443838099999999e-09,-2.59595396e-07,1,2.5959531100000001e-07,1.1444512000000001e-09,-2.5959531100000001e-07,1)}},{[cb('rG\144@\"_\b\184J*','1(\253-M')]={[cb('Adjs|','\14\22')]=1,[cb('\244\173\211\134\208\171\207\129','\164\194\160\239')]=rd[cb('\183\251\26\149\208\r','\244\189h')][cb('IBP',"\'")](-4.0635209100000003,9.2982025099999994,-79.875190700000005,-0.00064392638199999995,-2.59428134e-07,0.99999982099999996,2.5959559499999998e-07,1,2.59595367e-07,-0.99999982099999996,2.5976268599999999e-07,-0.00064392638199999995),[cb('R\170b\177','\17\197')]=10,[cb('\1\246)\144\133b!\250\15\155\144i','B\131[\226\224\f')]=cb('\1\238+\239\49','B\129'),[cb('rE\155\140\146\179\a\167UQ\129\145\149\181\48\167I',';\"\245\227\224\214D\200')]=false},[cb('c&\154\28\186U2\213-\169W','0V\245h\206')]={[cb('\150\247\189\224\171','\217\133')]=2,[cb('\249K\96\179\221M|\180','\169$\19\218')]=rd[cb('2\233\31\16\194\b','q\175m')][cb('\211\216\202','\189')](-4.0564684900000003,9.2982025099999994,-68.873893699999996,-0.00064401462400000005,-2.59428134e-07,0.99999982099999996,2.5959542399999999e-07,1,2.59595367e-07,-0.99999982099999996,2.5976254400000001e-07,-0.00064401462400000005),[cb('\154\v\170\16','\217d')]=110,[cb("\235Ln|!\'\203@Hw4,",'\168\57\28\14DI')]=cb(">\'\20&\14",'}H'),[cb('$k^\6NI\166\175\3\127D\27IO\145\175\31','m\f\48i<,\229\192')]=false},[cb('{\181\254\252T\21@\178\187\202[\19','2\214\155\143<t')]={[cb('\231\24\204\15\218','\168j')]=3,[cb('\29}\190\191\57{\162\184','M\18\205\214')]=rd[cb('\152\52\56\186\31/','\219rJ')][cb('\245\254\236','\155')](-4.0494179700000004,9.2982025099999994,-57.873680100000001,-0.00064421631400000002,2.59428049e-07,0.99999982099999996,-2.5959548099999999e-07,1,-2.59595339e-07,-0.99999982099999996,-2.5976268599999999e-07,-0.00064421631400000002),[cb('\236N\220U','\175!')]=450,[cb('F\171\147\168SBf\167\181\163FI','\5\222\225\218\54,')]=cb('\133\169\175\168\181','\198\198'),[cb('\15\225)Q\6=\225\176(\245\51L\1;\214\176\52','F\134G>tX\162\223')]=false},[cb(']\19&\210qwC\n\222s','\14cO\185\20')]={[cb('\3[(L>','L)')]=4,[cb('\tku]-miZ','Y\4\6\52')]=rd[cb('\148_J\182t]','\215\25\56')][cb(':1#','T')](-6.8240132300000003,422.91009500000001,156.919388,-0.99613833399999996,2.8138475699999999e-07,-0.087797544899999996,2.59595367e-07,1,2.5959553799999998e-07,0.087797544899999996,2.35801238e-07,-0.99613833399999996),[cb('j\128Z\155',')\239')]=5000,[cb('\19(\"z\149\219\51$\4q\128\208','P]P\b\240\181')]=cb('\207\205\229\204\255','\140\162'),[cb('\229\252J\21\204{K\0\194\232P\b\203}|\0\222','\172\155$z\190\30\bo')]=false},[cb("\154uu\'\182\52W-\176",'\215\20\18J')]={[cb('\195E\232R\254','\140\55')]=5,[cb('v\178\162\236R\180\190\235','&\221\209\133')]=rd[cb('\158\28\164\188\55\179','\221Z\214')][cb('\4\15\29','j')](-16.718771,2665.16455,8.2902631800000002,-0.00404130854,3.3201567099999999e-38,0.99999183400000002,-1.8905628e-38,1,-3.3278243300000001e-38,-0.99999183400000002,-1.90399607e-38,-0.00404130854),[cb('?\161\15\186','|\206')]=15000,[cb('aY\139\231\255WAU\173\236\234\\','\",\249\149\154\57')]=cb('!\30\v\31\17','bq'),[cb('\r!\247\15/K\29E*5\237\18(M*E6','DF\153\96].^*')]=false},[cb('BS}3\v\96M$\5\24f','\1!\4@\127')]={[cb('\176Q\155F\141','\255#')]=6,[cb('\v\214\150\r/\208\138\n','[\185\229d')]=rd[cb('\t\30\246+5\225','JX\132')][cb('\247\252\238','\153')](-16.676975299999999,2665.16455,18.665229799999999,-0.0040414277499999998,0,0.99999183400000002,0,1,0,-0.99999183400000002,0,-0.0040414277499999998),[cb('K\157{\134','\b\242')]=75000,[cb('\243\213H#\30K\211\217n(\v@','\176\160:Q{%')]=cb('U\216\127\217e','\22\183'),[cb('\16\n\168\173\160\14_97\30\178\176\167\bh9+','Ym\198\194\210k\28V')]=false},[cb('\207P\n\146\241\5!\148\228','\131%d\243')]={[cb('$\0\15\23\25','kr')]=7,[cb('\27\235(f?\237\52a','K\132[\15')]=rd[cb('O\b\190m#\169','\fN\204')][cb('U^L',';')](-56.853240999999997,6862.5820299999996,80.575447100000005,0.99999928500000002,2.5990797800000003e-07,0.00120420242,-2.5959556599999998e-07,1,-2.5959550999999999e-07,-0.00120420242,2.5928269999999998e-07,0.99999928500000002),[cb('\188\212\140\207','\255\187')]=100000,[cb('\200\56H\"\14Z\232\52n)\27Q','\139M:Pk4')]=cb('\202\159\224\158\250','\137\240'),[cb('\152J*Xl\157\226\29\191^0Ek\155\213\29\163','\209-D7\30\248\161r')]=false},[cb('\208\230\57\169\166\204\55\170','\134\137P\205')]={[cb('\215\15\252\24\234','\152}')]=8,[cb('#\192\23\177\a\198\v\182','s\175d\216')]=rd[cb('\26}\129\56V\150','Y;\243')][cb('-&4','C')](4.4434676199999998,10147.8027,186.87919600000001,-0.609629333,3.6403494600000001e-07,-0.79268664099999997,2.5959545299999999e-07,1,2.5959559499999998e-07,0.79268664099999997,-4.7520771300000001e-08,-0.609629333),[cb('\17\206!\213','R\161')]=175000,[cb('>\190\255\224\189N\30\178\217\235\168E','}\203\141\146\216 ')]=cb('\165\237\143\236\149','\230\130'),[cb('\138\30^(\191&Ej\173\nD5\184 rj\177','\195y0G\205C\6\5')]=false},[cb('\149V\179u\253v\184~','\221\51\223\25')]={[cb('\205\224\230\247\240','\130\146')]=9,[cb('\146\169\151Q\182\175\139V','\194\198\228\56')]=rd[cb('\249mC\219FT','\186+1')][cb('\195\200\218','\173')](-6.2800021199999998,10147.8027,191.65692100000001,-0.99130147700000004,-2.2317172499999999e-07,0.131610751,-2.59595367e-07,1,-2.5959542399999999e-07,-0.131610751,-2.9150288600000002e-07,-0.99130147700000004),[cb('\190\218\142\193','\253\181')]=300000,[cb('1\26\211\146\163\228\17\22\245\153\182\239','ro\161\224\198\138')]=cb('\127\218U\219O','<\181'),[cb('\nn\200\216\171\249\131\151-z\210\197\172\255\180\151\49','C\t\166\183\217\156\192\248')]=false},[cb('E\225\f\31B\21j\250\14Ws\31l','\v\136kw6x')]={[cb('o\208D\199R',' \162')]=10,[cb('\"\253\165\48\6\251\185\55','r\146\214Y')]=rd[cb(' \5p\2.g','cC\2')][cb('\25\18\0','w')](-15.9982901,10147.8027,185.164795,-0.40573734,3.4259502999999998e-07,0.91398972300000003,2.5959545299999999e-07,1,-2.59595339e-07,-0.91398972300000003,1.3194005499999999e-07,-0.40573734),[cb('mz]a','.\21')]=900000,[cb('M\139d\202\153\56m\135B\193\140\51','\14\254\22\184\252V')]=cb('\\\196v\197l','\31\171'),[cb('\182\170\236\n\200z\169E\145\190\246\23\207|\158E\141','\255\205\130e\186\31\234*')]=false},[cb('\187W\1\241\158\134AH\218\155\142','\233\54h\159\252')]={[cb('*\159\1\136\23','e\237')]=11,[cb('\194\v\161k\230\r\189l','\146d\210\2')]=rd[cb("\'@/\5k8",'d\6]')][cb('\161\170\184','\207')](-35.576030699999997,15972.4229,43.764083900000003,-0.96547520200000003,1.83009519e-07,0.26049497700000002,2.59595396e-07,1,2.5959573700000002e-07,-0.26049497700000002,3.1825655399999999e-07,-0.96547520200000003),[cb('\174\241\158\234','\237\158')]=1500000,[cb('ys\190/\251\244Y\127\152$\238\255',':\6\204]\158\154')]=cb('\29@7A-','^/'),[cb('op\6\240M-\212\243Hd\28\237J+\227\243T','&\23h\159?H\151\156')]=false},[cb('\129:_<\201\179<\16\14\195\181','\210R0K\164')]={[cb('\6\174-\185;','I\220')]=12,[cb('U\246\180\190q\240\168\185','\5\153\199\215')]=rd[cb('z\129jX\170}','9\199\24')][cb('HCQ','&')](9940.3115199999993,26.8970299,209.978363,-0.69887876500000001,-3.6709877800000001e-07,-0.71524018,-2.5959531100000001e-07,1,-2.5959548099999999e-07,0.71524018,4.2472350100000002e-09,-0.69887876500000001),[cb('\161\221\145\198','\226\178')]=1000,[cb('g\255\23\197\190\173G\243\49\206\171\166','$\138e\183\219\195')]=cb('FH\236yD\251a','\18!\143'),[cb('g\225\176\152\25\171\225g@\245\170\133\30\173\214g\\','.\134\222\247k\206\162\b')]=false},[cb('\250G\131pQ\208\14\168~X','\183.\237\25?')]={[cb('\135.\172\57\186','\200\\')]=13,[cb('\2Cc0&E\127\55','R,\16Y')]=rd[cb('\214\195\233\244\232\254','\149\133\155')][cb('\6\r\31','h')](9918.5390599999992,7682.0449200000003,242.783905,-0.32808327700000001,3.3039546600000001e-07,-0.94464880200000001,2.5959556599999998e-07,1,2.59595396e-07,0.94464880200000001,-1.6005773799999999e-07,-0.32808327700000001),[cb('\177\234\129\241','\242\133')]=120000,[cb('T\213\202\201C\208t\217\236\194V\219','\23\160\184\187&\190')]=cb('\248q(\199}?\223','\172\24K'),[cb('\159\193Lj\198\180\176\206\184\213Vw\193\178\135\206\164','\214\166\"\5\180\209\243\161')]=false},[cb('N\203\54|\127\146\17~j','\r\178T\25')]={[cb('\128\31\171\b\189','\207m')]=14,[cb('\141\234\154\169\169\236\134\174','\221\133\233\192')]=rd[cb('\149\19\252\183\56\235','\214U\142')][cb('\216\211\193','\182')](9913.4882799999996,13410.247100000001,242.496567,0.00606069295,2.58017394e-07,-0.99998164199999995,2.5959550999999999e-07,1,2.5959548099999999e-07,0.99998164199999995,-2.6116404700000001e-07,0.00606069295),[cb('a5Q.','\"Z')]=450000,[cb('\0\4\186\19Z\n \b\156\24O\1','Cq\200a?d')]=cb('\239\v\164\208\a\179\200','\187b\199'),[cb('\96<\205\158w\246\254\150G(\215\131p\240\201\150[',')[\163\241\5\147\189\249')]=false},[cb('LC\29\139\"c\21\130','\2&r\229')]={[cb('?\0\20\23\2','pr')]=15,[cb('h\21\230\tL\19\250\14','8z\149\96')]=rd[cb('iRGKyP','*\20\53')][cb('\235\224\242','\133')](9883.4736300000004,20089.773399999998,260.44686899999999,-0.99999922500000005,2.5926962599999998e-07,0.0012535946400000001,2.5959525400000001e-07,1,2.5959548099999999e-07,-0.0012535946400000001,2.59920711e-07,-0.99999922500000005),[cb('O\127\127d','\f\16')]=1300000,[cb('<\213Zj\186z\28\217|a\175q','\127\160(\24\223\20')]=cb('\153J5\166F\"\190','\205#V'),[cb('M\137\r\213\235Fk\218j\157\23\200\236@\\\218v','\4\238c\186\153#(\181')]=false},[cb('\129\247$\232\209:\175','\200\148]')]={[cb('\4\183/\160\57','K\197')]=16,[cb('p\14\v\242T\b\23\245',' ax\155')]=rd[cb('\154\164\249\184\143\238','\217\226\139')][cb('\\WE','2')](-21428.1777,7.1648092300000004,-100876.719,-0.99657601100000004,2.3724311399999999e-07,-0.082681402599999995,2.5959570800000002e-07,1,-2.5959579400000001e-07,0.082681402599999995,-2.8017066699999998e-07,-0.99657601100000004),[cb('\172g\156|','\239\b')]=25,[cb('ZK^\19\17JzGx\24\4A','\25>,at$')]=cb('$\23\172\6\30\190','tr\205'),[cb("\205\48\'\187T\244Qt\234$=\166S\242ft\246",'\132WI\212&\145\18\27')]=false},[cb('h\130\246]\30\174\255_','>\235\152\56')]={[cb('H\143c\152u','\a\253')]=17,[cb('EW\249\197aQ\229\194','\21\56\138\172')]=rd[cb('\138\207\206\168\228\217','\201\137\188')][cb('BI[',',')](-19303.25,7.3095459900000002,18899.9277,-0.84210872699999995,0,-0.53930777299999999,0,1,0,0.53930777299999999,0,-0.84210872699999995),[cb('5\178\5\169','v\221')]=250,[cb('1\187\175\145f\196\17\183\137\154s\207','r\206\221\227\3\170')]=cb('\nc~(jl','Z\6\31'),[cb('eoO\188v\138\166YB{U\161q\140\145Y^',',\b!\211\4\239\229\54')]=false},[cb('Wc\185y;G\168\127','\27\2\207\24')]={[cb('\n\149!\130\55','E\231')]=18,[cb('8\243\22\163\28\245\n\164','h\156e\202')]=rd[cb('\229\146\t\199\185\30','\166\212{')][cb("\',>",'I')](-71.781456000000006,12.810639399999999,15.9462814,-0.74431115400000003,-3.6658599399999998e-07,-0.66783297100000005,-2.59595396e-07,1,-2.5959522500000001e-07,0.66783297100000005,-1.9853251500000002e-08,-0.74431115400000003),[cb('\142t\190o','\205\27')]=750,[cb('\211\191\154\r\227b\243\179\188\6\246i','\144\202\232\127\134\f')]=cb('\224\127z\194vh','\176\26\27'),[cb('\240p\142\207\161\217&\192\215d\148\210\166\223\17\192\203','\185\23\224\160\211\188e\175')]=false},[cb('\219v#\fr\246\243qo({\229','\154\2Om\28\130')]={[cb('=\217\22\206\0','r\171')]=19,[cb('\204\t\21\254\232\15\t\249','\156ff\151')]=rd[cb('\3\254\229!\213\242','@\184\151')][cb('ajx','\15')](-13945.968800000001,13.0212469,-20255.3125,-0.99999988100000003,0,-0.00054350309100000005,0,1,0,0.00054350309100000005,0,-0.99999988100000003),[cb('\255F\207]','\188)')]=1000,[cb('\163\243O\243\167D\131\255i\248\178O','\224\134=\129\194*')]=cb('M\217Xo\208J','\29\188\57'),[cb('\176\242\160\152s\151&\24\151\230\186\133t\145\17\24\139','\249\149\206\247\1\242ew')]=false},[cb('\231K\221\250\0\205D\156\204\20\195',"\164\'\188\137s")]={[cb('\241\155\218\140\204','\190\233')]=20,[cb('\154\242\152\v\190\244\132\f','\202\157\235b')]=rd[cb('\173\20\96\143?w','\238R\18')][cb('}vd','\19')](-41511.468800000002,9.0661134699999995,-20492.037100000001,-0.99999558899999996,-9.9326969199999996e-16,-0.00297134626,-9.9526710099999995e-16,1,6.7075130900000004e-16,0.00297134626,6.7370560099999998e-16,-0.99999558899999996),[cb('\149\243\165\232','\214\156')]=2000,[cb('\187\147\246\236\190\158\155\159\208\231\171\149','\248\230\132\158\219\240')]=cb('\145Yt\179Pf','\193<\21'),[cb('\96/&\2,M\204qG;<\31+K\251q[',')HHm^(\143\30')]=false},[cb('\153\164\50\212\49\190\225\20\193\51','\202\193Q\166T')]={[cb('g\195L\212Z','(\177')]=21,[cb('\31\139\50\v;\141.\f','O\228Ab')]=rd[cb('\28\19e>8r','_U\23')][cb('0;)','^')](-19442.830099999999,9.6145324700000003,18836.921900000001,0.92368370300000002,0,0.383155882,0,1,0,-0.383155882,0,0.92368370300000002),[cb('\150/\166\52','\213@')]=1,[cb(':\189\185Qw/\26\177\159Zb$','y\200\203#\18A')]=cb('#\r\t\f\19','\96b'),[cb('\22N\221[#5\149\215\49Z\199F$3\162\215-','_)\179\52QP\214\184')]=false},[cb('\150\5\208\208)#\171\18\150\252 -','\223k\182\185GJ')]={[cb(';p\16g\6','t\2')]=22,[cb('\183\t\180\212\147\15\168\211','\231f\199\189')]=rd[cb('\221\a\31\255,\b','\158Am')][cb('\0\v\25','n')](-94.912666299999998,8.2981948899999995,-26.949325600000002,0.000889187853,2.5936444099999998e-07,0.99999958300000003,2.5959556599999998e-07,1,-2.59595367e-07,-0.99999958300000003,2.5982629400000002e-07,0.000889187853),[cb('3\130\3\153','p\237')]=0,[cb('0\199\239\192&G\16\203\201\203\51L','s\178\157\178C)')]=cb('\128\225\143','\206'),[cb('\144\134%D\184\197\190\233\183\146?Y\191\195\137\233\171','\217\225K+\202\160\253\134')]=false},[cb('\31\218T\179\249\180\149-\213H\163\175\148\128\57','^\180:\218\143\209\231')]={[cb('g L7Z','(R')]=23,[cb('\159\49\228{\187\55\248|','\207^\151\18')]=rd[cb('\202[[\232pL','\137\29)')][cb('\179\184\170','\221')](2444.7214399999998,3161.02612,852.37481700000001,-0.58069765600000001,0,-0.81411927900000003,0,1,0,0.81411927900000003,0,-0.58069765600000001),[cb('\232H\216S',"\171\'")]=411,[cb('\140\237\155d_M\172\225\189oJF','\207\152\233\22:#')]=cb('!-\v;','fH'),[cb('u\a\f\225\232t0\23R\19\22\252\239r\a\23N','<\96b\142\154\17sx')]=false},[cb('\237\161\159\235),?\219\160\149\175\t\57\52','\186\206\241\143L^S')]={[cb('\129N\170Y\188','\206<')]=24,[cb('\30_5\188:Y)\187','N0F\213')]=nil,[cb('\148\249\164\226','\215\150')]=2000000,[cb(' |]\166\167\135\0p{\173\178\140','c\t/\212\194\233')]=cb('j\175gU\163pM','>\198\4'),[cb('\v\2\163\152x@py,\22\185\133\127FGy0','Be\205\247\n%3\22')]=true},[cb(']N%\156:d.\157','\26!I\250')]={[cb('\203\194\224\213\246','\132\176')]=25,[cb('k+\212\202O-\200\205',';D\167\163')]=rd[cb('h\23\tJ<\30','+Q{')][cb(",\'\53",'B')](2438.4748500000001,3161.02783,805.728027,0.81514036700000003,-6.1232590599999995e-08,-0.57926350800000004,2.59595396e-07,1,2.59595339e-07,0.57926350800000004,-3.6198076699999999e-07,0.81514036700000003),[cb('0\222\0\197','s\177')]=200,[cb("\131\223\1i\188\184\163\211\'b\169\179",'\192\170s\27\217\214')]=cb('d\133N\147','#\224'),[cb('\19B\161S\149\215>\17\52V\187N\146\209\t\17(','Z%\207<\231\178}~')]=false}},{[cb('uy\175\241\153Wq\224\187\222','9\22\206\149\240')]={[cb('n\234E\253S','!\152')]=1}};rd[cb('\20l\19f','\96\r')][cb('e\141w\138x','\22\253')](function()local function Zf()local Ua,Vd=rd[cb('\194z\211u\222','\178\25')](function()return rd[cb('\fD\6@','k%')][cb('ALpy\127a}','\t\56\4')](rd[cb('\fD\6@','k%')],cb('\219k\217^\196vOwi]\246B\163\130\164\253\213H\138\2,}\128/\157\30\209>\5\49t\2\182\5\254\213\254\163\149\4\137Q| \192','\179\31\173.\254Y\96EYk\216s\155\187\138\204\231}\164\52\27G'),true,3)end)if not(not Ua or not Vd)then else rd[cb('\223\28\218\19','\168}')](cb(Ab'2wwjBsr4qEu7ovO4uJ36X5g9j59pLxmcnWXyC20EmPiiSO6k4r6pz/JU3D+Ln3QhX9HbLw==',Ab'mmIDY7iKxzmbzZDbze+fO7hK5/oHD3/56QY='))return nil end local wf,Ac=rd[cb('\236\22\253\25\240','\156u')](function()return mi[cb('\188\160wO\22\147\144We7','\246\243\56\1R')](mi,Vd)end)if not wf then return nil end return Ac end while not Ud[cb('\157ql\155\150kv\157\158','\218$%\216')]do local wb=Zf()local Kf=wb and wb[cb('\208\a\165\222\177\166\151\230\17\167\199\186\167\160','\131b\215\168\212\212\197')]if not(rd[cb('M\181I\169','9\204')](Kf)==cb("\214\'\192*\199",'\162F'))then rd[cb('\155\216\158\215','\236\185')](cb(Ab'EODcQbpm/0sSEA/z53iKYvwZQVw4VnQNwXw555JD6Gb1SEcWHvX2KoJpuBtFXCVYMkCHNg==',Ab'UY78JMgUkDkyf2yQkgrvBtxuKTlWdhJotR8='))else Ka=Kf end rd[cb('\138\164\141\174','\254\197')][cb('\248^\230K','\143?')](10)end end)repeat rd[cb('b:e0','\22[')][cb('\192\130\222\151','\183\227')](0.016666666666666666)until not Ka[cb('d8\174\179\54F0\225\249q','(W\207\215_')]or Ud[cb("8\242:\'\51\232 !;",'\127\167sd')]local Ea,oi,Je,Zd,Bl,db,th_,hl={[cb('y\211!\\\249\nH\201\51\19\196\16I','-\187D|\182|')]={[cb('&=\r*\27','iO')]=1},[cb('\226+\216o\211\135]\235\143\18\215t\213\130Y\253\202','\175B\182\6\180\230\48\142')]={[cb('h\194C\213U',"\'\176")]=2},[cb("\19E\127\141:\96sl\137\'",'@ \t\232T')]={[cb('\190\242\149\229\131','\241\128')]=3}},{[cb('y\144\131\21\246\177(\189|\19\200S\140\128\b\184\157\48\173+)\223','0\254\229|\152\216\\\196S@\173')]={[cb('<\157\23\138\1','s\239')]=1,[cb('\132\182\172\188\168','\205\219')]=cb(']#\17\218\131\215\254\48K\245,G\180\24s]\131\200\150\163u\21\169&P\174\25','/Ai\187\240\164\155D\"\145\22h\155')},[cb('\186\1q\19\167\186\27|\29\244','\232t\31v\135')]={[cb('\242Z\217M\207','\189(')]=2,[cb('\227\96\203j\207','\170\r')]=cb('+]\224\170\vc\23~wQ\r\b\195\96\14\160\254H$J;&\a\a\19\222n',"Y?\152\203x\16r\n\30\53\55\'\236")},[cb('/\15\184,=\30\162?\21\160;&\b\238','|g\217HRi\130')]={[cb('\213L\254[\232','\154>')]=3,[cb('\245j\221\96\217','\188\a')]=cb('\177F)<|\188\0\180\252\222\132\157s\250\243\16gj;\249T\247\173\138\134\134o\243','\195$Q]\15\207e\192\149\186\190\178\\\203')},[cb('\25\217y\236\166}\248t\236\185\57',']\171\28\141\203')]={[cb('\156\127\183h\161','\211\r')]=4,[cb('\252\130\212\136\208','\181\239')]=cb('\26\138\213y$\139\195u\204;\bN$$Z\209\158!g\207\151\57\150o\aY;-','h\232\173\24W\248\166\1\165_2a\v\21')},[cb('f\4\134\2\190\v\14S\23\132\n\181E<','!v\227g\208+H')]={[cb('\158M\181Z\163','\209?')]=5,[cb('/\195\a\201\3','f\174')]=cb('\23\222\160(T\224\198g\158iyL\146^U\136\237|\16\166\150*\198>wS\143]',"e\188\216I\'\147\163\19\247\rCc\189o")}},{[cb('N\160\182\164S\164\182\231v','\30\197\194\132')]={[cb('\176\242\155\229\141','\255\128')]=1,[cb('B\169\255Vf\175\227Q','\18\198\140?')]=rd[cb('\181q\173\151Z\186','\246\55\223')][cb('\170\161\179','\196')](9909.4902299999994,2907.40771,225.727768,-0.99770516200000003,2.7657637199999997e-07,-0.067708164500000001,2.59595367e-07,1,2.5959545299999999e-07,0.067708164500000001,2.4142301000000001e-07,-0.99770516200000003),[cb('\252\204\204\215','\191\163')]=5000,[cb('\n\211\231|\172J*\223\193w\185A','I\166\149\14\201$')]=cb('\157\231C\162\235T\186','\201\142 ')},[cb('\255\188\52\183\210\249\174%\162\130\217','\188\221F\195\242')]={[cb('\167\145\140\134\154','\232\227')]=2,[cb('b\160\187\158F\166\167\153','2\207\200\247')]=rd[cb('i\235;K\192,','*\173I')][cb('\29\22\4','s')](9901.24316,7681.2260699999997,254.462311,-0.955711961,-3.24498387e-07,0.29430365600000002,-2.5959542399999999e-07,1,2.5959559499999998e-07,-0.29430365600000002,1.7169873000000001e-07,-0.955711961),[cb('\163\149\147\142','\224\250')]=200000,[cb('\180\239F)\b\220\148\227\96\"\29\215','\247\154\52[m\178')]=cb('\166^\225\153R\246\129','\242\55\130')},[cb('\155\161\143\221}\233\141\129\211~','\201\206\237\178\t')]={[cb('\"\222\t\201\31','m\172')]=3,[cb('|\197\229gX\195\249\96',',\170\150\14')]=rd[cb('Z/tx\4c','\25i\6')][cb('38*',']')](9888.1279300000006,13409.247100000001,261.94576999999998,-0.99999755599999995,-2.6017173100000001e-07,0.0022217128399999999,-2.5959562300000003e-07,1,2.5959553799999998e-07,-0.0022217128399999999,2.5901815100000002e-07,-0.99999755599999995),[cb('\153\147\169\136','\218\252')]=2500000,[cb('\220\236\49\30\166\166\252\224\23\21\179\173','\159\153Cl\195\200')]=cb('\242ha\205dv\213','\166\1\2')},[cb('\184)\204\tK\208\20\221\30M\131','\240P\188l9')]={[cb('\164\31\143\b\153','\235m')]=4,[cb('\134\244\154\229\162\242\134\226','\214\155\233\140')]=rd[cb('g\200\199E\227\208','$\142\181')][cb('\216\211\193','\182')](9860.1914099999995,20089.099600000001,254.75614899999999,-0.76200717699999998,3.6591973200000002e-07,0.64756858299999998,2.5959570800000002e-07,1,-2.5959556599999998e-07,-0.64756858299999998,-2.9707671000000001e-08,-0.76200717699999998),[cb('\220\18\236\t','\159}')]=5000000,[cb('\154T\213\179\210N\186X\243\184\199E','\217!\167\193\183 ')]=cb('\146\17\157\173\29\138\181','\198x\254')}},{[cb('\158@\168X','\219!')]={[cb("\26c1t\'",'U\17')]=1},[cb('$[\246\0K\255','i>\146')]={[cb('2G\25P\15','}5')]=2},[cb('\251\142\193\139','\179\239')]={[cb('\207\"\228\53\242','\128P')]=3},[cb('X\251jp\251|','\17\149\25')]={[cb('0\254\27\233\r','\127\140')]=4}},{[cb('\180j\24Z\161m\r\31','\245\4az')]={[cb('&\234\r\253\27','i\152')]=1,[cb('\223\214\247\220\243','\150\187')]=cb(Ab's/R74vAdJNUrfQRCMQCEJYLaDt/juqNC81Um/figOrW6WHiXey8HWycAhCWC2g7f47qjQvNVJv34',Ab'wZYDg4NuQaFCGT5tHja9E7vsN+najJp0ymMfyw==')},[cb('\24\210H\149\167=\183.\211B\209\144&\189;','O\189&\241\194O\219')]={[cb('dtOcY','+\6')]=2,[cb('\179\153\155\147\159','\250\244')]=cb("\174>f\159\254Mi\175\206\255\183,\233\229d\'\205\185\6;\236\144\163\190\48\244\234",'\220\\\30\254\141>\f\219\167\155\141\3\198')},[cb('\138k\196\229\228\0\233\186%\231\224\227\17\244\177','\195\5\162\140\138i\157')]={[cb('P\0{\23m','\31r')]=3,[cb('\147|\187v\191','\218\17')]=cb('\127\240r\222F gz,\160\96\137o:\160>\135\ra:?r\252j\158u;','\r\146\n\191\53S\2\14E\196Z\166@')}},{[cb('\130','\178')]={[cb('$\192\15\215\25','k\178')]=1},[cb('\185','\136')]={[cb('\160i\139~\157','\239\27')]=2},[cb('\248','\202')]={[cb('\193\246\234\225\252','\142\132')]=3},[cb('\242','\193')]={[cb('\170\n\129\29\151','\229x')]=4},[cb('r','F')]={[cb('V\154}\141k','\25\232')]=5},[cb('d','Q')]={[cb('avJa\\','.\4')]=6}},{[cb('\253A\181>\t\215\17\153\50\v','\174\49\220Ul')]={[cb('\229\237\192\238\214','\178\130')]=cb('\213@LK\177\30\228Z^\4\140\4\229','\129()k\254h')},[cb('YR#\159u\19\1\149s','\20\51D\242')]={[cb('\128\144\165\147\179','\215\255')]=cb('\14\25\19\236\251\217?\3\1\163\198\195>','Zqv\204\180\175')},[cb('v \227\190\50T>\186\136!R','5R\154\205F')]={[cb('\164\129\129\130\151','\243\238')]=cb('\176\57\136\220e\133\129#\154\147X\159\128','\228Q\237\252*\243')},[cb('\131\225g\185\189\180L\191\168','\207\148\t\216')]={[cb('\228\134\193\133\215','\179\233')]=cb('\180bS\0\213\232\133xAO\232\242\132','\224\n\54 \154\158')},[cb('\252!\0\192\138\v\14\195','\170Ni\164')]={[cb('\251\0\222\3\200','\172o')]=cb('\151\201\172=Ny\166\211\190rsc\167','\195\161\201\29\1\15')},[cb('\139R\155|\227r\144w','\195\55\247\16')]={[cb('>N\27M\r','i!')]=cb('\137X#\4-V\184B1K\16L\185','\221\48F$b ')}