local xj=(getfenv())local Wn,hi,hj=(string.char),(string.byte),(bit32 .bxor)local Df=function(Dc,Tc)local qc=''for re_=189,(#Dc-1)+189 do qc=qc..Wn(hj(hi(Dc,(re_-189)+1),hi(Tc,(re_-189)%#Tc+1)))end return qc end local Ig,el_=(string.gsub),(string.char)local fi=(function(Ca)Ca=Ig(Ca,'[^ABCDEFGHIJKLMNOPQRSTUVWXYZabcdefghijklmnopqrstuvwxyz0123456789+/=]','')return(Ca:gsub('.',function(ck)if(ck=='=')then return''end local Im,kj='',(('ABCDEFGHIJKLMNOPQRSTUVWXYZabcdefghijklmnopqrstuvwxyz0123456789+/'):find(ck)-1)for yf=6,1,-1 do Im=Im..(kj%2^yf-kj%2^(yf-1)>0 and'1'or'0')end return Im end):gsub('%d%d%d?%d?%d?%d?%d?%d?',function(uj)if(#uj~=8)then return''end local ic=0 for Ra=1,8 do ic=ic+(uj:sub(Ra,Ra)=='1'and 2^(8-Ra)or 0)end return el_(ic)end))end)if not xj[Df('(r\"v','O\19')][Df("\207\250\14\214\231\237\'\221",'\134\137B\185')](xj[Df('(r\"v','O\19')])then xj[Df('\210\192\216\196','\181\161')][Df('\253\127\r\213u\b','\177\16l')][Df('\151\4\169\17','\192e')](xj[Df('\210\192\216\196','\181\161')][Df('\253\127\r\213u\b','\177\16l')])end if not(xj[Df('\194\212\200\208','\165\181')][Df('\211\246W\224\255\127\231','\131\154\54')]~=85896571713843)then else return end local pa=xj[Df('k|ax','\f\29')][Df('\254wIV\215\203dTf\215','\185\18=\5\178')](xj[Df('k|ax','\f\29')],Df('\245\136D\220\129W\214','\165\228%'))local Ib,Se,xe,qn,zi,El,Sk,Xb,Rf,ge,dc,kb,Fi=pa[Df('\168\26\149\203a\180\25\151\211h\150','\228u\246\170\r')],xj[Df('\240\15\250\v','\151n')][Df('\131\218\127\214\\\182\201b\230\\','\196\191\v\133\57')](xj[Df('\240\15\250\v','\151n')],Df('\16~\17&\175\140!{\2*\162\186','D\ttC\193\223')),xj[Df('\"\155(\159','E\250')][Df('\185\167\25g\15\140\180\4W\15','\254\194m4j')](xj[Df('\"\155(\159','E\250')],Df('\229\173\48\236\171\185I\182\196\141\48\236\148\190Z\166','\176\222U\158\226\215\57\195')),xj[Df("\'=-9",'@\\')][Df('I\248;g!|\235&W!','\14\157O4D')](xj[Df("\'=-9",'@\\')],Df('\162\136\210\245b\151\139\210\197b','\229\253\187\166\a')),xj[Df('\244\160\254\164','\147\193')][Df('\t\f-\231\171<\31\48\215\171','NiY\180\206')](xj[Df('\244\160\254\164','\147\193')],Df("\136\'\147\96\251\168$\148P\251",'\218R\253\51\158')),xj[Df('\216S\210W','\191\50')][Df('y\206?\20\235L\221\"$\235','>\171KG\142')](xj[Df('\216S\210W','\191\50')],Df('\223fZ\202o\242\96X\211_\242','\151\18.\186<')),xj[Df('i\212c\208','\14\181')][Df('\4(\136\141\219\49;\149\189\219','CM\252\222\190')](xj[Df('i\212c\208','\14\181')],Df('\139\25\250X&4m\222\188\24\217@ %m\205\188','\217|\138\52OW\f\170')),xj[Df('c7i3','\4V')][Df("\18\52\240\195\203\'\'\237\243\203",'UQ\132\144\174')](xj[Df('c7i3','\4V')],Df('\196Y\186\154\241\231?\158\174\19\238Y\186\189\241\237=\182\174\2','\135\54\212\238\148\159K\223\205g')),xj[Df('U\158_\154','2\255')][Df('\130\146\6h\240\183\129\27X\240','\197\247r;\149')](xj[Df('U\158_\154','2\255')],Df('p\188\154:H\188\147\53','<\213\253R')),xj[Df('p\222z\218','\23\191')][Df('\202\147\21\151\229\255\128\b\167\229','\141\246a\196\128')](xj[Df('p\222z\218','\23\191')],Df('\250q_*3\205tx-#\222','\172\24-^F')),xj[Df('\181\178\191\182','\210\211')][Df('\2\128\203\48\a\55\147\214\0\a','E\229\191cb')](xj[Df('\181\178\191\182','\210\211')],Df('\191\130\130x)W_\175\142\153\158\132A=XR\129\133\155','\233\235\240\f\\\54\51\230\224')),xj[Df('eloh','\2\r')][Df("\197\30\145;\'\240\r\140\v\'",'\130{\229hB')](xj[Df('eloh','\2\r')],Df('\182(\\+hC%\150\30U<nE4\135','\226M0N\24,W')),xj[Df('\184\169\152\251\144\169\136\234','\241\199\235\143')][Df('\3\b\26','m')](Df('\255\244\50>\201\249\a.\197','\172\151@['),xj[Df('N\199D\195',')\166')][Df('k\190]B\183NH',';\210<')][Df('\19\131\217E\184\15\128\219]\177-','_\236\186$\212')][Df('_\233\r\26q\137z\203\f\a[\130','\b\136dn7\230')](xj[Df('N\199D\195',')\166')][Df('k\190]B\183NH',';\210<')][Df('\19\131\217E\184\15\128\219]\177-','_\236\186$\212')],Df('\156q\250Q\169o\220]\165','\204\29\155(')));Fi[Df('\200\182\235\178','\134\215')]=Df('\193\170L*5\219\173\136\154\222\153{\vA\137\130\146\153','\147\252\21~\5\236\224\231\254');Fi[Df('\188\162\246$\168\223\129\132\247\48\161\204','\248\203\133T\196\190')]=10;Fi[Df('\222f<\141\149n<\226h\27\140\148n\15','\151\1R\226\231\v{')]=true;Fi[Df('\188V\238\55QU\128\96\237\51Rt','\238\51\157R%\26')]=false local oo=xj[Df('\183\138\192\49\159\138\208 ','\254\228\179E')][Df('\195\200\218','\173')](Df('\235\185\204\166\200','\173\203'),Fi);oo[Df('\25\4\48\b','Jm')]=xj[Df('\187;\135\18\220','\238\127')][Df('\137\130\144','\231')](1,0,1,0);oo[Df('e\147\227\14A\149\255\t','5\252\144g')]=xj[Df('\141\17\177\56\234','\216U')][Df('<7%','R')](0,0,0,1);oo[Df('T\127\221\56\31\217\17\\\179\187-d\127\208 \b\202\fL\179\188\0','\22\30\190Sx\171~)\221\223y')]=1;oo[Df('u@\146Kl\132','/\t\252')]=9696;oo[Df("dN6L[\'",'%-B')]=true;oo[Df('\240{P\4Y\215\127^\r_','\163\30<a:')]=true local ke,Pn,md,vh={},{},{[Df('W\203\162\186\\^\223\162\182\20','\22\190\214\213|')]=0,[Df('9\184\189\151\213\1\244\22\164\174\153\152)\238','x\205\201\248\245L\157')]=0,[Df('+\197\249Z\30OP\v\194\233R_\96Z','j\176\141\53>\r?')]=0,[Df("X!\20\202\149k\250tt\'\192\219E\250",'\25T\96\165\181,\159')]=0,[Df('\178ow\19\169!\154ik\21\231\0','\243\26\3|\137g')]=0,[Df('\4\208\172q\27\228@F(\133\136wX\201TD6','E\165\216\30;\162!4')]=0},{[Df('\15\253\"\25\156\6\233\"\21\212','N\136Vv\188')]=false,[Df('\186\194\145\190m\a\15\149\222\130\176 /\21','\251\183\229\209MJf')]=false,[Df('-\176\221\249JSG\r\183\205\241\v|M','l\197\169\150j\17(')]=false,[Df('\25<n\29\205%I5i]\23\131\vI','XI\26r\237b,')]=false,[Df('\242\175\146\51\183\207\218\169\142\53\249\238','\179\218\230\\\151\137')]=false,[Df('\238\152\217F@\240y\156\194\205\253@\3\221m\158\220','\175\237\173)\96\182\24\238')]=false};zi[Df('\192\244\243zO\198\193\229\248nZ\209\246','\146\145\157\30*\180')][Df('X\230\15u\236\2o','\27\137a')](zi[Df('\192\244\243zO\198\193\229\248nZ\209\246','\146\145\157\30*\180')],function()for cc,_o in xj[Df('}\163d\176~','\r\194')](md)do if not(ke[cc]and not vh[cc])then else md[cc]=xj[Df('\128\20\151\22','\244}')]()end end if not(ke[Df('\242]\212\201\158\229\14(\222\b\240\207\221\200\26*\192','\179(\160\166\190\163oZ')]and not vh[Df('\193\210S\148\3\26\159\51\237\135w\146@7\139\49\243',"\128\167\'\251#\\\254A")])then else ke[Df("h\14\b\164oa\26\b\168\'",'){|\203O')]=false;ke[Df('HD\205\20\137\232\210gX\222\26\196\192\200','\t\49\185{\169\165\187')]=false;ke[Df('\195d\202\158\3m\196\227c\218\150BB\206','\130\17\190\241#/\171')]=false;ke[Df('\30&O\167\192\134\203\50s|\173\142\168\203','_S;\200\224\193\174')]=false;ke[Df('\254\153\147\129\193\221\214\159\143\135\143\252','\191\236\231\238\225\155')]=false end if(ke[Df('U\172\50L\214\\\184\50@\158','\20\217F#\246')]and not vh[Df('\127\142M\178\1v\154M\190I','>\251\57\221!')])or(ke[Df('\189s\157\16\202bD\146o\142\30\135J^','\252\6\233\127\234/-')]and not vh[Df('D\243\6\138\212\5\135k\239\21\132\153-\157','\5\134r\229\244H\238')])or(ke[Df('\1\20\170\199\176\181\173!\19\186\207\241\154\167','@a\222\168\144\247\194')]and not vh[Df('\200\n\218\220\207S\251\232\r\202\212\142|\241','\137\127\174\179\239\17\148')])or(ke[Df('\182\221\54\232\96\229\156\154\136\5\226.\203\156','\247\168B\135@\162\249')]and not vh[Df('7f\222\184\150j\153\27\51\237\178\216D\153','v\19\170\215\182-\252')])or(ke[Df('\231\56\24\224\14i\207>\4\230@H','\166Ml\143./')]and not vh[Df('\153\17!qP/\177\23=w\30\14','\216dU\30pi')])then ke[Df('g\14\180A\245\240\241\143K[\144G\182\221\229\141U','&{\192.\213\182\144\253')]=false end if not((ke[Df('\229\148\159\185\209\197\19\201\193\172\179\159\235\19','\164\225\235\214\241\130v')]and not vh[Df('\202\159\201\219\152g\150\230\202\250\209\214I\150','\139\234\189\180\184 \243')])or(ke[Df('\174\186!\143\132\167\174!\131\204','\239\207U\224\164')]and not vh[Df('\199/\140*\211\206;\140&\155','\134Z\248E\243')])or(ke[Df('\2*\176e\a\201\254-6\163kJ\225\228',"C_\196\n\'\132\151")]and not vh[Df('\226=\22>\216\240\211\205!\5\48\149\216\201','\163HbQ\248\189\186')])or(ke[Df('\174\138\50\223\f\138\134\140.\217B\171','\239\255F\176,\204')]and not vh[Df('x\6\57\182\225=P\0%\176\175\28','9sM\217\193{')]))then else ke[Df(';3L\236\159\206+\27\52\\\228\222\225!','zF8\131\191\140D')]=false end if not(ke[Df('\210l\135\6\54\200\250j\155\0x\233','\147\25\243i\22\142')]and not vh[Df('<\186\218\198~\165\20\188\198\192\48\132','}\207\174\169^\227')])then else ke[Df('\208\184ndd\217\172nh,','\145\205\26\vD')]=false;ke[Df('},\204\227\187\54\48R0\223\237\246\30*','<Y\184\140\155{Y')]=false;ke[Df('P\4\210\250C\15Pp\3\194\242\2 Z','\17q\166\149cM?')]=false;ke[Df('\142L#xR\232@\162\25\16r\28\198@','\207\57W\23r\175%')]=false end if not((ke[Df('y\20\27\175bp\0\27\163*','8ao\192B')]and not vh[Df('\140\214\170zW\133\194\170v\31','\205\163\222\21w')])or(ke[Df('WW\215\244iw\175xK\196\250$_\181','\22\"\163\155I:\198')]and not vh[Df('\160\134\55\198|/!\143\154$\200\49\a;','\225\243C\169\\bH')])or(ke[Df('5\182\bL\183\205\248\25\227;F\249\227\248','t\195|#\151\138\157')]and not vh[Df('\177\22M\174[\248)\157C~\164\21\214)','\240c9\193{\191L')])or(ke[Df('y\134\193\243#\142\164Y\129\209\251b\161\174','8\243\181\156\3\204\203')]and not vh[Df('ai\1\5\17\137VAn\17\rP\166\\',' \28uj1\203\57')]))then else ke[Df('O3\15\144J\29g5\19\150\4<','\14F{\255j[')]=false end if ke[Df('\179I\193\25\133\195\211\147N\209\17\196\236\217','\242<\181v\165\129\188')]then ke[Df('\242\n\25\139\218\245\186\222_*\129\148\219\186','\179\127m\228\250\178\223')]=false;ke[Df('\139\254X\163\48\130\234X\175x','\202\139,\204\16')]=false;ke[Df('\181\56\57%.\25~\154$*+c1d','\244MMJ\14T\23')]=false end if not(ke[Df('\179\202E\241J\186\222E\253\2','\242\191\49\158j')]and ke[Df('\240>f5-\187x\223\"u;\96\147b','\177K\18Z\r\246\17')])then else if md[Df("u\18\175\138o|\6\175\134\'",'4g\219\229O')]>md[Df('L\158][\211\132\131c\130NU\158\172\153','\r\235)4\243\201\234')]then ke[Df('\139\t\158jP\22e\164\21\141d\29>\127','\202|\234\5p[\f')]=false else ke[Df('$\255\171\154\26-\235\171\150R','e\138\223\245:')]=false end end for po,Yk in xj[Df('P\145I\130S',' \240')](vh)do vh[po]=ke[po]end end);Ib[Df('\247\155@\225\194\133f\237\206','\167\247!\152')][Df('\16q\200\179U\18}\197\186U','S\25\161\223\49')][Df('1\188D\28\182I\6','r\211*')](Ib[Df('\247\155@\225\194\133f\237\206','\167\247!\152')][Df('\16q\200\179U\18}\197\186U','S\25\161\223\49')],function()local un_=Ib[Df('u\153\16\227@\135\54\239L','%\245q\154')][Df('\145\178\247\243\2r\190\164\175\218\255-w\168','\215\219\153\151D\27\204')](Ib[Df('u\153\16\227@\135\54\239L','%\245q\154')],Df('w\171\150\133\225\247h\146\171\156\180\174P','%\253\207\209\209\192'))if not(un_)then else un_[Df('\174l5_\211\206\147J4K\218\221','\234\5F/\191\175')]=9999 end end)local vi=Sk[Df("):\150\212n\179\196\28\'\187\216A\182\210",'oS\248\176(\218\182')](Sk,Df('\196!\28\238/\253*\v\242\30\224','\133Oh\135j'))if not(vi)then else xj[Df('\132\189\129\178','\243\220')](xj[Df('\203\225\246\209\251\227','\184\149\132')][Df('\155n(\144\96.','\253\1Z')](Df(fi'HIJ5NroTDpV2bpvKDbx661fZSFlE84znRDJV0gtD2H6TqrsvFokEq9ppuyu6AAfyQUqTIkm4t2TZQ/dX3wZ4Be+OsExjSdtKXdZk1+u0LxKbCLuUbPA=',fi'TtQgYookKeZWLNyZRJw7niO2aB8lgeHHbBcm+ysruQ2zy9ddc+hg0voL3g=='),Df('\16\19\172U\15\176','f!\130')));Fi[Df('}j\0M}\28@','9\15s')](Fi)return end xj[Df('6h/t2','F\26')](xj[Df('\3\135A\25\157T','p\243\51')][Df('\4\4\187\15\n\189','bk\201')](Df("\206\245\199(\233\160\216\18\181\22\50\141\\R\234\'\128\201ga!\243\241\131\182Y\170\190\223\b\230t\27\177bR\217\'\154\200.I\'\175","\156\163\158|\217\151\255a\149Tu\222\21r\171R\244\166G\'@\129"),Df('\14\30\170K\2\182','x,\132')));xj[Df('K\212L\222','?\181')][Df('D\21V\18Y','7e')](function()while not ke[Df('\15s\241\127\4i\235y\f','H&\184<')]do local Ki=Sk[Df("\4\133\56\'V\251\235\49\152\21+y\254\253",'B\236VC\16\146\153')](Sk,Df('\240\163}u\129\201\168ji\176\212','\177\205\t\28\196'))if not(not Ki)then else local S=xj[Df('P\163\211cx\163\195r','\25\205\160\23')][Df('\179\184\170','\221')](Df('\220#K\242\200-H\235\251','\158L$\158'));S[Df('\230\167\197\163','\168\198')]=Df('[\174\211\v\161b\165\196\23\144\127','\26\192\167b\228');S[Df('\220\197\191\233\202\185','\140\164\205')]=Sk end Fi=Ib[Df('\199\55e\239(\152\226\21d\242\2\147','\144V\f\155n\247')](Ib,Df('\214\21\237[\227\v\203W\239','\134y\140\"'))[Df('\30R\4\55\n\49\248+O);%4\238','X;jSLX\138')](Ib[Df('\199\55e\239(\152\226\21d\242\2\147','\144V\f\155n\247')](Ib,Df('\214\21\237[\227\v\203W\239','\134y\140\"')),Df('\232u\19\206\ngW\168\r\247F$\239~5x\178\14','\186#J\154:P\26\199i'))if not Fi or not Fi[Df('0\re\209J\132}\f\3B\208K\132N','yj\v\190\56\225:')]or not Fi[Df("\0\196\14\'\198\n!",'E\170o')]or Fi[Df('\142\162\131[\r\203\178\148\128_\14\234','\220\199\240>y\132')]or Fi[Df('\246Mde\nh\203keq\3{','\178$\23\21f\t')]~=10 or not Fi[Df('\167\172\163u)\172\226\146\177\142y\6\169\244','\225\197\205\17o\197\144')](Fi,Df('\227{\196d\192','\165\t'))or not Fi[Df('h\250\224\180\188\181E]\231\205\184\147\176S','.\147\142\208\250\220\55')](Fi,Df('\248p\223o\219','\190\2'))[Df('\188n\216\148{\201','\253\r\172')]or not Fi[Df('\153|\140\131\162\246\195\172a\161\143\141\243\213','\223\21\226\231\228\159\177')](Fi,Df('k\168L\183H','-\218'))[Df('E\226wz\233hv','\19\139\4')]or Fi[Df('\24Y\166\207\143\139\251-D\139\195\160\142\237','^0\200\171\201\226\137')](Fi,Df('Qcv|r','\23\17'))[Df("\14\230\'\234",']\143')]~=xj[Df('\200K\244b\175','\157\15')][Df('\23\28\14','y')](1,0,1,0)or Fi[Df('\fJ\143\191\238\t\1\57W\162\179\193\f\23','J#\225\219\168\96s')](Fi,Df('\164\173\131\178\135','\226\223'))[Df('\172\162\140<\136\164\144;','\252\205\255U')]~=xj[Df('\4\166\56\143c','Q\226')][Df('\162\169\187','\204')](0,0,0,1)then if Fi then Fi[Df('\252\185\155\204\174\135\193','\184\220\232')](Fi)end Fi=xj[Df('\")\155\254\n)\139\239','kG\232\138')][Df('ZQC','4')](Df('d\154x R\151M0^','7\249\nE'),xj[Df('W\239]\235','0\142')][Df('\184\190\227\145\183\240\155','\232\210\130')][Df("\212\fI\'\236\200\15K?\229\234",'\152c*F\128')][Df('*#\193\206\147\164\15\1\192\211\185\175','}B\168\186\213\203')](xj[Df('W\239]\235','0\142')][Df('\184\190\227\145\183\240\155','\232\210\130')][Df("\212\fI\'\236\200\15K?\229\234",'\152c*F\128')],Df('\207B\206?\250\\\232\51\246','\159.\175F')));Fi[Df('\237\52\206\48','\163U')]=Df('\3\"\6F\226\226s\199\213\28\17\49g\150\176\\\221\214','Qt_\18\210\213>\168\177');Fi[Df('\142\174\227S\147\212\179\136\226G\154\199','\202\199\144#\255\181')]=10;Fi[Df('\231Ac\233\221I\220\219OD\232\220I\239','\174&\r\134\175,\155')]=true;Fi[Df('\5H\202\55\188\199\57~\201\51\191\230','W-\185R\200\136')]=false local Dg=xj[Df('U\186\233\144}\186\249\129','\28\212\154\228')][Df('\199\204\222','\169')](Df('M}jbn','\v\15'),Fi);Dg[Df('HIaE','\27 ')]=xj[Df("\'\149\27\188@",'r\209')][Df('\151\156\142','\249')](1,0,1,0);Dg[Df('Y\15l\237}\tp\234','\t\96\31\132')]=xj[Df('\180%\136\f\211','\225a')][Df('\172\167\181','\194')](0,0,0,1);Dg[Df("\155\169#\1\191\132F\tp g\171\169.\25\168\151[\25p\'J",'\217\200@j\216\246)|\30D3')]=1;Dg[Df('g\242\215Y\222\193','=\187\185')]=9696;Dg[Df('4\206 \28\219\49','u\173T')]=true;Dg[Df('\197=\214C\253\226\57\216J\251','\150X\186&\158')]=true end xj[Df('\222\199\217\205','\170\166')][Df('{}eh','\f\28')](0.016666666666666666)end end)local Ok,Fa,ff,zk,If,qm,yn,pg,gm,gg,Un,Bm,Gj=Df('\246\196o\t\156\203l\163FA\253{ggv\251\223S3\217\163\96\132uf\221JM{M','\164\146\54]\172\252\51\225\1\18\180$*\b\18')..Ib[Df('\127\18\\\22','1s')]..Df('=9\96<}','\19S'),Df('\127\186u\228\52]\178:\174s','3\213\20\128]'),Df('\182\201[3\156\148\193\20y\219','\250\166:W\245'),{[Df('\231lm\199\153\250\129#L\206\145\182','\176\3\31\171\253\218')]={[Df('e\140\131\247A\138\159\240','5\227\240\158')]=xj[Df('\191\247\220\157\220\203','\252\177\174')][Df('\v\0\18','e')](-70.3784256,6862.18066,117.75927,0.99997562200000001,-2.6140133999999999e-07,0.0069818086899999998,2.5959522500000001e-07,1,2.5959542399999999e-07,-0.0069818086899999998,-2.5777666199999998e-07,0.99997562200000001)},[Df('C\153\174\141:>\141kp+|\156\239\185<*\198Le9','\16\241\207\233UI\173\57\21J')]={[Df('\190\205\128\207\154\203\156\200','\238\162\243\166')]=xj[Df('\t\29\165+6\178','J[\215')][Df('$/=','J')](2354.1228000000001,3158.1853000000001,873.45281999999997,-0.433665156,3.4649215800000002e-07,0.90107411100000001,2.5959531100000001e-07,1,-2.5959542399999999e-07,-0.90107411100000001,1.2133710899999999e-07,-0.433665156)},[Df('\131ue\19\30\170|j]3','\217\16\v\51W')]={[Df('7\253|\228\19\251\96\227','g\146\15\141')]=xj[Df('\150\54h\180\29\127','\213p\26')][Df('bi{','\f')](4.8062472300000003,15972.772499999999,43.796966599999998,0.99981224499999999,-2.5451632299999998e-07,-0.019377794100000002,2.5959545299999999e-07,1,2.5959516800000002e-07,0.019377794100000002,-2.6457681199999998e-07,0.99981224499999999)},[Df('\196y\157B o\247\254\230<\162\a\21e\245\251','\131\28\240bg\n\153\151')]={[Df('\254\17QW\218\23MP','\174~\">')]=xj[Df('D\246\184f\221\175','\a\176\202')][Df('\n\1\19','d')](4.9746746999999996,15976.543900000001,-0.74841928499999999,0.99976640900000002,-2.53923929e-07,0.021613849300000001,2.5959542399999999e-07,1,-2.5959556599999998e-07,-0.021613849300000001,2.6514575799999998e-07,0.99976640900000002)},[Df('\127\210t\167Y\218t\184X','=\189\21\213')]={[Df('RK\136\219vM\148\220','\2$\251\178')]=xj[Df('r\155\141P\176\154','1\221\255')][Df('\136\131\145','\230')](9793.75,26.101774200000001,30.150312400000001,0.99005234200000003,-2.9353807899999999e-07,0.14069949100000001,2.5959548099999999e-07,1,2.5959550999999999e-07,-0.14069949100000001,-2.2048820400000001e-07,0.99005234200000003)},[Df('\b\183\222\31\138\25)\254\254\a\130\0 ','N\222\173w\227w')]={[Df("\3\207\150\241\'\201\138\246",'S\160\229\152')]=xj[Df('f\235JD\192]','%\173\56')][Df('\180\191\173','\218')](-23662.912100000001,7.5776963200000003,-79.410987899999995,1,2.59595396e-07,-1.1443838099999999e-09,-2.59595396e-07,1,2.5959531100000001e-07,1.1444512000000001e-09,-2.5959531100000001e-07,1)}},{[Df('\180\173+<\148\153\226\3\54\156','\247\194FQ\251')]={[Df('J\245a\226w','\5\135')]=1,[Df('\30{\149A:}\137F','N\20\230(')]=xj[Df('(\157\204\n\182\219','k\219\190')][Df('\159\148\134','\241')](-4.0635209100000003,9.2982025099999994,-79.875190700000005,-0.00064392638199999995,-2.59428134e-07,0.99999982099999996,2.5959559499999998e-07,1,2.59595367e-07,-0.99999982099999996,2.5976268599999999e-07,-0.00064392638199999995),[Df('\230j\214q','\165\5')]=10,[Df('\b\218\b\157\240\229(\214.\150\229\238','K\175z\239\149\139')]=Df('\17B;C!','R-'),[Df('\231\189\16*\238\15\209z\192\169\n\55\233\t\230z\220','\174\218~E\156j\146\21')]=false},[Df('\n\228>]<<\240ql/>','Y\148Q)H')]={[Df('\154\17\177\6\167','\213c')]=2,[Df("\'\bJ\187\3\14V\188",'wg9\210')]=xj[Df('\133h\179\167C\164','\198.\193')][Df('\163\168\186','\205')](-4.0564684900000003,9.2982025099999994,-68.873893699999996,-0.00064401462400000005,-2.59428134e-07,0.99999982099999996,2.5959542399999999e-07,1,2.59595367e-07,-0.99999982099999996,2.5976254400000001e-07,-0.00064401462400000005),[Df('\214\227\230\248','\149\140')]=110,[Df('i\249LD\200\173I\245jO\221\166','*\140>6\173\195')]=Df('\18\207\56\206\"','Q\160'),[Df("\243\188\48\171\'Y\t\255\212\168*\182 _>\255\200",'\186\219^\196U<J\144')]=false},[Df('\182\201\131\14\a\204\141\206\198\56\b\202','\255\170\230}o\173')]={[Df('\b\163#\180\53','G\209')]=3,[Df('k\145\160\48O\151\188\55',';\254\211Y')]=xj[Df('1~\154\19U\141','r8\232')][Df('\216\211\193','\182')](-4.0494179700000004,9.2982025099999994,-57.873680100000001,-0.00064421631400000002,2.59428049e-07,0.99999982099999996,-2.5959548099999999e-07,1,-2.59595339e-07,-0.99999982099999996,-2.5976268599999999e-07,-0.00064421631400000002),[Df('\223u\239n','\156\26')]=450,[Df("\a\250\175G\181\183\'\246\137L\160\188",'D\143\221\53\208\217')]=Df('*\243\0\242\26','i\156'),[Df('\252\231edn1\228\20\219\243\127yi7\211\20\199','\181\128\v\v\28T\167{')]=false},[Df('Y\26\185\26(sJ\149\22*','\nj\208qM')]={[Df('\199.\236\57\250','\136\\')]=4,[Df('X\aB\141|\1^\138','\bh1\228')]=xj[Df('\0\27T\"\48C','C]&')][Df('\146\153\139','\252')](-6.8240132300000003,422.91009500000001,156.919388,-0.99613833399999996,2.8138475699999999e-07,-0.087797544899999996,2.59595367e-07,1,2.5959553799999998e-07,0.087797544899999996,2.35801238e-07,-0.99613833399999996),[Df('\6=6&','ER')]=5000,[Df('P\25Q\227\132\169p\21w\232\145\162','\19l#\145\225\199')]=Df('\127\182U\183O','<\217'),[Df('\213B\162\155\232H D\242V\184\134\239N\23D\238','\156%\204\244\154-c+')]=false},[Df('Kq\144Bg0\178Ha','\6\16\247/')]={[Df('\233\219\194\204\212','\166\169')]=5,[Df('\226\148\181\224\198\146\169\231','\178\251\198\137')]=xj[Df('\195\176\225\225\155\246','\128\246\147')][Df('29+','\\')](-16.718771,2665.16455,8.2902631800000002,-0.00404130854,3.3201567099999999e-38,0.99999183400000002,-1.8905628e-38,1,-3.3278243300000001e-38,-0.99999183400000002,-1.90399607e-38,-0.00404130854),[Df('8K\bP','{$')]=15000,[Df('\16\195\57v<\233\48\207\31})\226','S\182K\4Y\135')]=Df('\196e\238d\244','\135\n'),[Df('\180\28\192\220\251\144\241@\147\b\218\193\252\150\198@\143','\253{\174\179\137\245\178/')]=false},[Df('\142\194T\217\179\172\220\r\239\160\170','\205\176-\170\199')]={[Df('S(x?n','\28Z')]=6,[Df('\161\205*p\133\203\54w','\241\162Y\25')]=xj[Df('\v\96\180)K\163','H&\198')][Df('\127tf','\17')](-16.676975299999999,2665.16455,18.665229799999999,-0.0040414277499999998,0,0.99999183400000002,0,1,0,-0.99999183400000002,0,-0.0040414277499999998),[Df('g\242W\233','$\157')]=75000,[Df('bJ\223\137\168\214BF\249\130\189\221','!?\173\251\205\184')]=Df('\131\2\169\3\179','\192m'),[Df('\251^M<tP\18\170\220JW!sV%\170\192','\178\57#S\6\53Q\197')]=false},[Df('\127\186a*A\239J,T','3\207\15K')]={[Df('m\151F\128P','\"\229')]=7,[Df('jV\140>NP\144\57',':9\255W')]=xj[Df('\157\197\54\191\238!','\222\131D')][Df('\171\160\178','\197')](-56.853240999999997,6862.5820299999996,80.575447100000005,0.99999928500000002,2.5990797800000003e-07,0.00120420242,-2.5959556599999998e-07,1,-2.5959550999999999e-07,-0.00120420242,2.5928269999999998e-07,0.99999928500000002),[Df('l\207\\\212','/\160')]=100000,[Df('\137\51\202\185\217|\169?\236\178\204w','\202F\184\203\188\18')]=Df('\199\146\237\147\247','\132\253'),[Df("\171#\96>e\237\'\3\140\55z#b\235\16\3\144",'\226D\14Q\23\136dl')]=false},[Df('\181}%\20\195W+\23','\227\18Lp')]={[Df('\190\t\149\30\131','\241{')]=8,[Df('k\195=dO\197!c',';\172N\r')]=xj[Df('\142\143\165\172\164\178','\205\201\215')][Df('\194\201\219','\172')](4.4434676199999998,10147.8027,186.87919600000001,-0.609629333,3.6403494600000001e-07,-0.79268664099999997,2.5959545299999999e-07,1,2.5959559499999998e-07,0.79268664099999997,-4.7520771300000001e-08,-0.609629333),[Df('\255:\207!','\188U')]=175000,[Df('}Z\192\5\154\220]V\230\14\143\215','>/\178w\255\178')]=Df('\153\26\179\27\169','\218u'),[Df("\28\188\222\96\254\127\54);\168\196}\249y\1)\'",'U\219\176\15\140\26uF')]=false},[Df('\131\233\48\20\235\201;\31','\203\140\\x')]={[Df('Y\238r\249d','\22\156')]=9,[Df('8\178|E\28\180\96B','h\221\15,')]=xj[Df('\151\4\129\181/\150','\212B\243')][Df('\157\150\132','\243')](-6.2800021199999998,10147.8027,191.65692100000001,-0.99130147700000004,-2.2317172499999999e-07,0.131610751,-2.59595367e-07,1,-2.5959542399999999e-07,-0.131610751,-2.9150288600000002e-07,-0.99130147700000004),[Df('\132\179\180\168','\199\220')]=300000,[Df(']\146|\244\219\48}\158Z\255\206;','\30\231\14\134\190^')]=Df('U\188\127\189e','\22\211'),[Df('sS0[\145yUuTG*F\150\127buH',':4^4\227\28\22\26')]=false},[Df('\199\v\248Jc]\232\16\250\2RW\238','\137b\159\"\23\48')]={[Df('~\\UKC','1.')]=10,[Df('0-\30\211\20+\2\212','\96Bm\186')]=xj[Df('E\180cg\159t','\6\242\17')][Df('^UG','0')](-15.9982901,10147.8027,185.164795,-0.40573734,3.4259502999999998e-07,0.91398972300000003,2.5959545299999999e-07,1,-2.59595339e-07,-0.91398972300000003,1.3194005499999999e-07,-0.40573734),[Df('<r\fi','\127\29')]=900000,[Df('S\224.%\255\181s\236\b.\234\190','\16\149\\W\154\219')]=Df('jr@sZ',')\29'),[Df('#S\246\212\51\135\251(\4G\236\201\52\129\204(\24','j4\152\187A\226\184G')]=false},[Df('!\2\204t\21\28\20\133_\16\20','sc\165\26w')]={[Df('T\207\127\216i','\27\189')]=11,[Df('K}O\227o{S\228','\27\18<\138')]=xj[Df('g\249@E\210W','$\191\50')][Df('hcq','\6')](-35.576030699999997,15972.4229,43.764083900000003,-0.96547520200000003,1.83009519e-07,0.26049497700000002,2.59595396e-07,1,2.5959573700000002e-07,-0.26049497700000002,3.1825655399999999e-07,-0.96547520200000003),[Df('\224r\208i','\163\29')]=1500000,[Df('\214\135@\ao\176\246\139f\fz\187','\149\242\50u\n\222')]=Df('\t\154#\155\57','J\245'),[Df('\152\19O\177\48D6#\191\aU\172\55B\1#\163','\209t!\222B!uL')]=false},[Df('j\163\161[hX\165\238ib^','9\203\206,\5')]={[Df('t[_LI',';)')]=12,[Df('\241\96V\211\213fJ\212','\161\15%\186')]=xj[Df('\252#\248\222\b\239','\191e\138')][Df('k\96r','\5')](9940.3115199999993,26.8970299,209.978363,-0.69887876500000001,-3.6709877800000001e-07,-0.71524018,-2.5959531100000001e-07,1,-2.5959548099999999e-07,0.71524018,4.2472350100000002e-09,-0.69887876500000001),[Df('\201D\249_','\138+')]=1000,[Df('/\186\177!U\197\15\182\151*@\206','l\207\195S0\171')]=Df('\232DX\215HO\207','\188-;'),[Df('S-\175\165\231\177\18\133t9\181\184\224\183%\133h','\26J\193\202\149\212Q\234')]=false},[Df('[\226b &q\171I./','\22\139\fIH')]={[Df('h{ClU',"\'\t")]=13,[Df('\246\1\206M\210\a\210J','\166n\189$')]=xj[Df('O\143gm\164p','\f\201\21')][Df('\23\28\14','y')](9918.5390599999992,7682.0449200000003,242.783905,-0.32808327700000001,3.3039546600000001e-07,-0.94464880200000001,2.5959556599999998e-07,1,2.59595396e-07,0.94464880200000001,-1.6005773799999999e-07,-0.32808327700000001),[Df("=<\r\'",'~S')]=120000,[Df('\226\151\159\209\153\172\194\155\185\218\140\167','\161\226\237\163\252\194')]=Df('\130\14\204\189\2\219\165','\214g\175'),[Df('\196\239\236\48\29\247\159\210\227\251\246-\26\241\168\210\255','\141\136\130_o\146\220\189')]=false},[Df('T\18\173\222eK\138\220p','\23k\207\187')]={[Df('<&\23\49\1','sT')]=14,[Df('\f\180\219\190(\178\199\185','\\\219\168\215')]=xj[Df('\217\20\14\251?\25','\154R|')][Df('\185\178\160','\215')](9913.4882799999996,13410.247100000001,242.496567,0.00606069295,2.58017394e-07,-0.99998164199999995,2.5959550999999999e-07,1,2.5959548099999999e-07,0.99998164199999995,-2.6116404700000001e-07,0.00606069295),[Df('\139\6\187\29','\200i')]=450000,[Df('\161\b\b\169\163\149\129\4.\162\182\158','\226}z\219\198\251')]=Df('m.\170R\"\189J','9G\201'),[Df('\170\253\21\209\191/\206\173\141\233\15\204\184)\249\173\145','\227\154{\190\205J\141\194')]=false},[Df('\t\243\242|g\211\250u','G\150\157\18')]={[Df('\208\14\251\25\237','\159|')]=15,[Df('\168>\25\211\140\56\5\212','\248Qj\186')]=xj[Df('di\2FB\21',"\'/p")][Df('+ 2','E')](9883.4736300000004,20089.773399999998,260.44686899999999,-0.99999922500000005,2.5926962599999998e-07,0.0012535946400000001,2.5959525400000001e-07,1,2.5959548099999999e-07,-0.0012535946400000001,2.59920711e-07,-0.99999922500000005),[Df('N\232~\243','\r\135')]=1300000,[Df('p\254\241\235\250\tP\242\215\224\239\2','3\139\131\153\159g')]=Df('\240\202;\207\198,\215','\164\163X'),[Df('\129m\183f\203Y\31\215\166y\173{\204_(\215\186','\200\n\217\t\185<\\\184')]=false},[Df(';\233\243R\207\237\21','r\138\138')]={[Df('\208\168\251\191\237','\159\218')]=16,[Df('\27w\26\165?q\6\162','K\24i\204')]=xj[Df('1\234p\19\193g','r\172\2')][Df('\159\148\134','\241')](-21428.1777,7.1648092300000004,-100876.719,-0.99657601100000004,2.3724311399999999e-07,-0.082681402599999995,2.5959570800000002e-07,1,-2.5959579400000001e-07,0.082681402599999995,-2.8017066699999998e-07,-0.99657601100000004),[Df('Z\160j\187','\25\207')]=25,[Df('R\219\130b\138cr\215\164i\159h','\17\174\240\16\239\r')]=Df('$@\235\6I\249','t%\138'),[Df("\al\255U\6\162\'I x\229H\1\164\16I<",'N\v\145:t\199d&')]=false},[Df('\233\1eW\159-lU','\191h\v\50')]={[Df('\174\30\133\t\147','\225l')]=17,[Df('\21\237$g1\235\56\96','E\130W\14')]=xj[Df('\233\26H\203\49_','\170\\:')][Df('W\\N','9')](-19303.25,7.3095459900000002,18899.9277,-0.84210872699999995,0,-0.53930777299999999,0,1,0,0.53930777299999999,0,-0.84210872699999995),[Df('\22\226&\249','U\141')]=250,[Df('.U?\233Q{\14Y\25\226Dp','m M\155\52\21')]=Df('M\223Ao\214S','\29\186 '),[Df('\255~:\188\186w\168\56\216j \161\189q\159\56\196','\182\25T\211\200\18\235W')]=false},[Df('\203\139\189>\167\175\172\56','\135\234\203_')]={[Df('\245:\222-\200','\186H')]=18,[Df('\"#aK\6%}L','rL\18\"')]=xj[Df('\200\49.\234\26\57','\139w\\')][Df('\r\6\20','c')](-71.781456000000006,12.810639399999999,15.9462814,-0.74431115400000003,-3.6658599399999998e-07,-0.66783297100000005,-2.59595396e-07,1,-2.5959522500000001e-07,0.66783297100000005,-1.9853251500000002e-08,-0.74431115400000003),[Df('\n\212:\207','I\187')]=750,[Df('xLI\239\205\143X@o\228\216\132',';9;\157\168\225')]=Df(']\248\249\127\241\235','\r\157\152'),[Df('\244\160\139\21\131\16\163\148\211\180\145\b\132\22\148\148\207','\189\199\229z\241u\224\251')]=false},[Df('Z\171\251\221I\227r\172\183\249@\240',"\27\223\151\188\'\151")]={[Df('\20D?S)','[6')]=19,[Df('\\\16dxx\22x\127','\f\127\23\17')]=xj[Df('H\138[j\161L','\v\204)')][Df('\30\21\a','p')](-13945.968800000001,13.0212469,-20255.3125,-0.99999988100000003,0,-0.00054350309100000005,0,1,0,0.00054350309100000005,0,-0.99999988100000003),[Df('\195\165\243\190','\128\202')]=1000,[Df('\242\f\135\1J\142\210\0\161\n_\133','\177y\245s/\224')]=Df('8\133\16\26\140\2','h\224q'),[Df('\231\239\144\143\f\t\188\188\192\251\138\146\v\15\139\188\220','\174\136\254\224~l\255\211')]=false},[Df(' \21?\247\128\n\26~\193\148\4','cy^\132\243')]={[Df('\253f\214q\192','\178\20')]=20,[Df('\212\186\232\213\240\188\244\210','\132\213\155\188')]=xj[Df('c\232\30A\195\t',' \174l')][Df('\197\206\220','\171')](-41511.468800000002,9.0661134699999995,-20492.037100000001,-0.99999558899999996,-9.9326969199999996e-16,-0.00297134626,-9.9526710099999995e-16,1,6.7075130900000004e-16,0.00297134626,6.7370560099999998e-16,-0.99999558899999996),[Df('\201.\249\53','\138A')]=2000,[Df('~\26%1\241}^\22\3:\228v','=oWC\148\19')]=Df('\3Ch!Jz','S&\t'),[Df('\233\191\21\222vAE\a\206\171\15\195qGr\a\210','\160\216{\177\4$\6h')]=false},[Df('c\175\242\233\aD\234\212\252\5','0\202\145\155b')]={[Df('\241o\218x\204','\190\29')]=21,[Df('\151\186\160\240\179\188\188\247','\199\213\211\153')]=xj[Df('$\245\210\6\222\197','g\179\160')][Df('\169\162\176','\199')](-19442.830099999999,9.6145324700000003,18836.921900000001,0.92368370300000002,0,0.383155882,0,1,0,-0.383155882,0,0.92368370300000002),[Df('\203\194\251\217','\136\173')]=1,[Df("\243\'\183\137\243\175\211+\145\130\230\164",'\176R\197\251\150\193')]=Df('K\250a\251{','\b\149'),[Df('\246\161S\190\253?t\19\209\181I\163\250\57C\19\205','\191\198=\209\143Z7|')]=false},[Df('D<+\3\148dy+m/\157j','\rRMj\250\r')]={[Df('U\213~\194h','\26\167')]=22,[Df('\rO\201\133)I\213\130','] \186\236')]=xj[Df('\207\n\188\237!\171','\140L\206')][Df('29+','\\')](-94.912666299999998,8.2981948899999995,-26.949325600000002,0.000889187853,2.5936444099999998e-07,0.99999958300000003,2.5959556599999998e-07,1,-2.59595367e-07,-0.99999958300000003,2.5982629400000002e-07,0.000889187853),[Df('\155U\171N','\216:')]=0,[Df('dw\216\170>\135D{\254\161+\140',"\'\2\170\216[\233")]=Df('\130\227\141','\204'),[Df('<>N\175}\169I\221\27*T\178z\175~\221\a','uY \192\15\204\n\178')]=false},[Df('\218\230f\130X\239\227/\169K\237','\138\135\15\236,')]={[Df('X\168s\191e','\23\218')]=23,[Df('\14E\202\193*C\214\198','^*\185\168')]=xj[Df(':B\\\24iK','y\4.')][Df('\f\a\21','b')](209.42854299999999,21.135656399999998,3132.4709499999999,-0.99275690299999997,2.8890295300000002e-07,-0.12014045600000001,2.5959531100000001e-07,1,2.5959548099999999e-07,0.12014045600000001,2.26527291e-07,-0.99275690299999997),[Df('\253\208\205\203','\190\191')]=25,[Df('\147m\172\130K\145\179a\138\137^\154','\208\24\222\240.\255')]=Df('\192W\173e\217\221j\240S\186n\195\158p','\133!\200\v\173\253\t'),[Df('X$v\193\17v\155\200\127\48l\220\22p\172\200c','\17C\24\174c\19\216\167')]=true},[Df('m\"\169\50\141[c\159>\143','/C\218Y\232')]={[Df('G7l z','\bE')]=24,[Df('Q|\f\168uz\16\175','\1\19\127\193')]=xj[Df('_\220\241}\247\230','\28\154\131')][Df(">5\'",'P')](199.386169,21.135656399999998,3133.67578,-0.99275690299999997,2.8890298200000002e-07,-0.12014045600000001,2.59595339e-07,1,2.5959542399999999e-07,0.12014045600000001,2.26527263e-07,-0.99275690299999997),[Df('\219\236\235\247','\152\131')]=500,[Df('\21\161\179\205\4.5\173\149\198\17%','V\212\193\191a@')]=Df('|tA\154\a\149\211LpV\145\29\214\201','9\2$\244s\181\176'),[Df('\129\57\51\143[rsj\166-)\146\\tDj\186','\200^]\224)\23\48\5')]=true},[Df('\166\196eR\224X\238\245\150\203x_\165o\169\208','\227\165\22&\133*\206\183')]={[Df('\209L\250[\236','\158>')]=25,[Df('\249\f+f\221\n\55a','\169cX\15')]=xj[Df('FJ\186da\173','\5\f\200')][Df('-&4','C')](188.800049,21.135656399999998,3134.9265099999998,-0.99275690299999997,2.8890298200000002e-07,-0.12014045600000001,2.59595367e-07,1,2.59595396e-07,0.12014045600000001,2.2652722e-07,-0.99275690299999997),[Df('$J\20Q','g%')]=2500,[Df('\181\151\215\252\189\226\149\155\241\247\168\233','\246\226\165\142\216\140')]=Df('Z\165t\167\19$\17j\161c\172\tg\v','\31\211\17\201g\4r'),[Df('\27\5\189R\241@\239\178<\17\167O\246F\216\178 ','Rb\211=\131%\172\221')]=true},[Df('v\236|\"\22\177R\240=\17\20\184','>\137\29Ts\223')]={[Df('\197\246\238\225\248','\138\132')]=26,[Df('\15\163\150\248+\165\138\255','_\204\229\145')]=xj[Df('$Lj\6g}','g\n\24')][Df('\255\244\230','\145')](179.20648199999999,21.135656399999998,3136.0595699999999,-0.99275690299999997,2.8890295300000002e-07,-0.12014045600000001,2.5959531100000001e-07,1,2.5959545299999999e-07,0.12014045600000001,2.26527263e-07,-0.99275690299999997),[Df('\149\143\165\148','\214\224')]=7500,[Df('\152cS\252K\161\184ou\247^\170','\219\22!\142.\207')]=Df('t]W~Y_EDY@uC\28_','1+2\16-\127&'),[Df('[\233w\6\180i\157\223|\253m\27\179o\170\223\96','\18\142\25i\198\f\222\176')]=true},[Df('p\27lz\152\160\130B\20pj\206\128\151V','1u\2\19\238\197\240')]={[Df('\190\248\149\239\131','\241\138')]=27,[Df('\248\217M\1\220\223Q\6','\168\182>h')]=xj[Df('<\183\246\30\156\225','\127\241\132')][Df('HCQ','&')](2444.7214399999998,3161.02612,852.37481700000001,-0.58069765600000001,0,-0.81411927900000003,0,1,0,0.81411927900000003,0,-0.58069765600000001),[Df('\188Q\140J','\255>')]=415,[Df('\128^\222\t\194Z\160R\248\2\215Q','\195+\172{\167\52')]=Df('Y\199s\209','\30\162'),[Df('\229\241x8\171xA\230\194\229b%\172~v\230\222','\172\150\22W\217\29\2\137')]=false}},{[Df('u\24\"\48]\234D\2\48\127\96\240E','!pG\16\18\156')]={[Df('\190\200\149\223\131','\241\186')]=1},[Df('w@J\168\234ds\v\26yE\179\236aw\29_',':)$\193\141\5\30n')]={[Df('Q\193z\214l','\30\179')]=2},[Df('m\255\227\223L\30\201\240\219Q','>\154\149\186\"')]={[Df('\154\144\177\135\167','\213\226')]=3}},{[Df('+\210\205VQ\139M\201\234\164\221\1\206\206K\31\167U\217\189\158\202','b\188\171??\226\57\176\197\247\184')]={[Df('_\209t\198b','\16\163')]=1,[Df('\252\213\212\223\208','\181\184')]=Df('\250\252i\137j\202C\193lw\129o\147\191\172%\208!\139\30\132\50+\139x\137\190','\136\158\17\232\25\185&\181\5\19\187@\188')},[Df(';\157\153\233v;\135\148\231%','i\232\247\140V')]={[Df('\145\155\186\140\172','\222\233')]=2,[Df('\179\49\155;\159','\250\\')]=Df('\129\142;\186:EN\16Jh\5\16\128\202\221{\238y\2\19U\27>\15\v\157\196','\243\236C\219I6+d#\f??\175')},[Df('\177\237}\201\160c\214\161\247e\222\187u\154','\226\133\28\173\207\20\246')]={[Df('o\188D\171R',' \206')]=3,[Df('\130\96\170j\174','\203\r')]=Df('\219\52\250\31\249\v\159Z\30\196\6@cy\153b\180I\190N\203\25O\144\4[\127p','\169V\130~\138x\250.w\160<oLH')},[Df('\212\17AZ\154\176\48LZ\133\244','\144c$;\247')]={[Df('jfAqW','%\20')]=4,[Df('^\145v\155r','\23\252')]=Df('q\143\170\230Fv\194 t\161V\176\v\4\49\212\225\190\5\50\150l.\245Y\167\20\r','\3\237\210\135\53\5\167T\29\197l\159$5')},[Df('U\150\228\214\204Mk\96\133\230\222\199\3Y','\18\228\129\179\162m-')]={[Df('C\154h\141~','\f\232')]=5,[Df('\181o\157e\153','\252\2')]=Df('\141\n \139\54\14-\6\2\30J\252\252\137\207\\m\223rH}KZID\227\225\138','\255hX\234E}Hrkzp\211\211\184')}},{[Df('\144o\253&\141k\253e\168','\192\n\137\6')]={[Df('\24\166\51\177%','W\212')]=1,[Df('c\173z}G\171fz','3\194\t\20')]=xj[Df('\233r\246\203Y\225','\170\52\132')][Df('/$6','A')](9909.4902299999994,2907.40771,225.727768,-0.99770516200000003,2.7657637199999997e-07,-0.067708164500000001,2.59595367e-07,1,2.5959545299999999e-07,0.067708164500000001,2.4142301000000001e-07,-0.99770516200000003),[Df('/\155\31\128','l\244')]=5000},[Df('\213p&\226<\211b7\247l\243','\150\17T\150\28')]={[Df('\181N\158Y\136','\250<')]=2,[Df('8\152E\157\28\158Y\154','h\247\54\244')]=xj[Df('-\189#\15\150\52','n\251Q')][Df('\31\20\6','q')](9901.24316,7681.2260699999997,254.462311,-0.955711961,-3.24498387e-07,0.29430365600000002,-2.5959542399999999e-07,1,2.5959559499999998e-07,-0.29430365600000002,1.7169873000000001e-07,-0.955711961),[Df('\221\142\237\149','\158\225')]=200000},[Df('7\240\161b\nE\220\175l\t','e\159\195\r~')]={[Df('^\0u\23c','\17r')]=3,[Df('\135\247\162V\163\241\190Q','\215\152\209?')]=xj[Df('\137Q\160\171z\183','\202\23\210')][Df('IBP',"\'")](9888.1279300000006,13409.247100000001,261.94576999999998,-0.99999755599999995,-2.6017173100000001e-07,0.0022217128399999999,-2.5959562300000003e-07,1,2.5959553799999998e-07,-0.0022217128399999999,2.5901815100000002e-07,-0.99999755599999995),[Df('\201\222\249\197','\138\177')]=2500000},[Df('\5-\234Tpm\16\251Cv>','MT\154\49\2')]={[Df('\249\29\210\n\196','\182o')]=4,[Df('\218\173\20b\254\171\be','\138\194g\v')]=xj[Df('\184\230\206\154\205\217','\251\160\188')][Df('$/=','J')](9860.1914099999995,20089.099600000001,254.75614899999999,-0.76200717699999998,3.6591973200000002e-07,0.64756858299999998,2.5959570800000002e-07,1,-2.5959556599999998e-07,-0.64756858299999998,-2.9707671000000001e-08,-0.76200717699999998),[Df('\254\50\206)','\189]')]=5000000}},{[Df('t]BE','1<')]={[Df('\184]\147J\133','\247/')]=1},[Df('\182\183B\146\167K','\251\210&')]={[Df('\161\23\138\0\156','\238e')]=2},[Df('\178Q\136T','\250\48')]={[Df('\144w\187\96\173','\223\5')]=3},[Df('\127\247\149W\247\131','6\153\230')]={[Df('A\227j\244|','\14\145')]=4}},{[Df('\"\183\226\184\55\176\247\253','c\217\155\152')]={[Df('\136\145\163\134\181','\199\227')]=1,[Df('\23O?E;','^\"')]=Df("0\181\'\178}\129\25\54\190;\233!\221L",'B\215_\211\14\242|')},[Df('O\191\168\23\236\204L\127\241\139\18\235\221Qt','\6\209\206~\130\165\56')]={[Df('\188G\151P\129','\243\53')]=3,[Df(',\212\4\222\0','e\185')]=Df('G\230(\a\54\a?\160\v~\18j\235\2\182d^}Fb\229U\"\24}\241\3','5\132PfEtZ\212b\26(E\196')}},{[Df('u','E')]={[Df('\164\174\143\185\153','\235\220')]=1},[Df('\150','\167')]={[Df('\220\229\247\242\225','\147\151')]=2},[Df('m','_')]={[Df('-\147\6\132\16','b\225')]=3},[Df('\205','\254')]={[Df('\"\175\t\184\31','m\221')]=4},[Df('/','\27')]={[Df('\195l\232{\254','\140\30')]=5},[Df('\206','\251')]={[Df('\183:\156-\138','\248H')]=6}},{[Df('w\218\220\129\190]\138\240\141\188','$\170\181\234\219')]={[Df('\221K\248H\238','\138$')]=Df('\140O\244K*\3\189U\230\4\23\25\188',"\216\'\145keu")},[Df('\197J~\212\233\v\\\222\239','\136+\25\185')]={[Df('}\0X\3N','*o')]=Df("Z\0fh\129\248k\26t\'\188\226j",'\14h\3H\206\142')},[Df('g\237\53\198\96E\243l\240sC','$\159L\181\20')]={[Df('\203\212\238\215\248','\156\187')]=Df('\189|-\25\183\241\140f?V\138\235\141','\233\20H9\248\135')},[Df('\241\4D\r\207Qo\v\218','\189q*l')]={[Df(' \254\5\253\19','w\145')]=Df('0[\22\2\228\240\1A\4M\217\234\0','d3s\"\171\134')},[Df('#\149XPU\191VS','u\250\49\52')]={[Df('\143\17\170\18\188','\216~')]=Df('\178\155\248\231\224\226\131\129\234\168\221\248\130','\230\243\157\199\175\148')},[Df('\231xp\3\143X{\b','\175\29\28o')]={[Df('\248\141\221\142\203','\175\226')]=Df('v\196\48\229\185\169G\222\"\170\132\179F','\"\172U\197\246\223')},[Df('/\160w\176\214\224\0\187u\248\231\234\6','a\201\16\216\162\141')]={[Df('\157\152\184\155\174','\202\247')]=Df('\135\133{\v\154c\182\159iD\167y\183','\211\237\30+\213\21')},[Df('jm-\133\rW{d\174\b_','8\fD\235o')]={[Df('\254\144\219\147\205','\169\255')]=Df('\209\198Z\167\195\23\224\220H\232\254\r\225','\133\174?\135\140a')},[Df('\238\228\3\198\240\196\173(\200\249','\163\141m\175\158')]={[Df('w\194R\193D',' \173')]=Df('ff%l3\134?c\v_*w5\131;uN','+\15K\5T