local mc=(getfenv())local of,Lc,pl=(string.char),(string.byte),(bit32 .bxor)local Ie=function(Og,Nb)local Wk=''for wh_=146,(#Og-1)+146 do Wk=Wk..of(pl(Lc(Og,(wh_-146)+1),Lc(Nb,(wh_-146)%#Nb+1)))end return Wk end local Um,nk=(string.gsub),(string.char)local T=(function(Bl)Bl=Um(Bl,'[^ABCDEFGHIJKLMNOPQRSTUVWXYZabcdefghijklmnopqrstuvwxyz0123456789+/=]','')return(Bl:gsub('.',function(ge)if(ge=='=')then return''end local Kk,Va='',(('ABCDEFGHIJKLMNOPQRSTUVWXYZabcdefghijklmnopqrstuvwxyz0123456789+/'):find(ge)-1)for cf=6,1,-1 do Kk=Kk..(Va%2^cf-Va%2^(cf-1)>0 and'1'or'0')end return Kk end):gsub('%d%d%d?%d?%d?%d?%d?%d?',function(Oc)if(#Oc~=8)then return''end local Xd=0 for Cj=1,8 do Xd=Xd+(Oc:sub(Cj,Cj)=='1'and 2^(8-Cj)or 0)end return nk(Xd)end))end)if not mc[Ie('\213\185\223\189','\178\216')][Ie('\179CQw\155Tx|','\250\48\29\24')](mc[Ie('\213\185\223\189','\178\216')])then mc[Ie('\153|\147x','\254\29')][Ie('\139\182\n\163\188\15','\199\217k')][Ie('\207.\241;','\152O')](mc[Ie('\153|\147x','\254\29')][Ie('\139\182\n\163\188\15','\199\217k')])end if mc[Ie('HZB^','/;')][Ie('\176\157\158\131\148\182\132','\224\241\255')]~=85896571713843 then return end local fl=mc[Ie('\133\212\143\208','\226\181')][Ie('\189\132\20\189\195\136\151\t\141\195','\250\225\96\238\166')](mc[Ie('\133\212\143\208','\226\181')],Ie('\208\0:\249\t)\243','\128l['))local oa,wc,Qf,wl,Fm,Xg,xf,El,Hl,eh,Vk,al,xi=fl[Ie('\181\173\195[\128\169\174\193C\137\139','\249\194\160:\236')],mc[Ie('\151\213\157\209','\240\180')][Ie('K\"\157\163\196~1\128\147\196','\fG\233\240\161')](mc[Ie('\151\213\157\209','\240\180')],Ie('\176~dm}#\129{wap\21','\228\t\1\b\19p')),mc[Ie('lEfA','\v$')][Ie('\230\206\135\223N\211\221\154\239N','\161\171\243\140+')](mc[Ie('lEfA','\v$')],Ie('\192^\197\224\186\252\141\50\225~\197\224\133\251\158\"','\149-\160\146\243\146\253G')),mc[Ie('\217\\\211X','\190=')][Ie('\207-\30\254?\250>\3\206?','\136Hj\173Z')](mc[Ie('\217\\\211X','\190=')],Ie('\234\49\165\127S\223\50\165OS','\173D\204,6')),mc[Ie('\167$\173 ','\192E')][Ie('s\235\229H!F\248\248x!','4\142\145\27D')](mc[Ie('\167$\173 ','\192E')],Ie('\141\aF\166\17\173\4A\150\17','\223r(\245t')),mc[Ie('5M?I','R,')][Ie('g\144|\166\14R\131a\150\14',' \245\b\245k')](mc[Ie('5M?I','R,')],Ie('\178\217\179\201_\159\223\177\208o\159','\250\173\199\185\f')),mc[Ie('\156\142\150\138','\251\239')][Ie('\190-Fm\191\139>[]\191','\249H2>\218')](mc[Ie('\156\142\150\138','\251\239')],Ie("\214\234\146\'\193p\190Z\225\235\177?\199a\190I\225",'\132\143\226K\168\19\223.')),mc[Ie('\191\4\181\0','\216e')][Ie('S\129\165d\240f\146\184T\240','\20\228\209\55\149')](mc[Ie('\191\4\181\0','\216e')],Ie('\177\6\25\148\ay\1\157\160U\155\6\25\179\as\3\181\160D','\242iw\224b\1u\220\195!')),mc[Ie('\177\170\187\174','\214\203')][Ie('\96\191 \196\0U\172=\244\0',"\'\218T\151e")](mc[Ie('\177\170\187\174','\214\203')],Ie('\169w\"Z\145w+U','\229\30E2')),mc[Ie('c^iZ','\4?')][Ie('\152\15\15di\173\28\18Ti','\223j{7\f')](mc[Ie('c^iZ','\4?')],Ie('\252\147\175\195\153\203\150\136\196\137\216','\170\250\221\183\236')),mc[Ie("-\28\'\24",'J}')][Ie('>)\165^\185\v:\184n\185','yL\209\r\220')](mc[Ie("-\28\'\24",'J}')],Ie('\151\160\199\247w\161\186\244y\177\188\193\206c\174\183\218r\179','\193\201\181\131\2\192\214\189\23')),mc[Ie('\232\156\226\152','\143\253')][Ie('\184!+\28\210\141\50\54,\210','\255D_O\183')](mc[Ie('\232\156\226\152','\143\253')],Ie('\221\164d\253\"D\197\253\146m\234$B\212\236','\137\193\b\152R+\183')),mc[Ie('6\127\2\b\30\127\18\25','\127\17q|')][Ie('\246\253\239','\152')](Ie('UK\151\242cF\162\226o','\6(\229\151'),mc[Ie('0\245:\241','W\148')][Ie('\22\137B?\128Q5','F\229#')][Ie('\221d\222\245\171\193g\220\237\162\227','\145\v\189\148\199')][Ie('\217m\19\235@\223\252O\18\246j\212','\142\fz\159\6\176')](mc[Ie('0\245:\241','W\148')][Ie('\22\137B?\128Q5','F\229#')][Ie('\221d\222\245\171\193g\220\237\162\227','\145\v\189\148\199')],Ie('\96\217\205nU\199\235bY','0\181\172\23')));xi[Ie('\190\134\157\130','\240\231')]=Ie('\25\132\127\201\3\129/)|\6\183H\232w\211\0\51\127','K\210&\157\51\182bF\24');xi[Ie('P\202\241\136\255\151m\236\240\156\246\132','\20\163\130\248\147\246')]=999;xi[Ie('\160$\218\193c\202!\156*\253\192b\202\18','\233C\180\174\17\175f')]=true;xi[Ie('\175\253\194C\19\128\147\203\193G\16\161','\253\152\177&g\207')]=false local xl=mc[Ie('\228\130&\170\204\130\54\187','\173\236U\222')][Ie('\");','L')](Ie('\178\134\149\153\145','\244\244'),xi);xl[Ie('tS]_',"\':")]=mc[Ie('1\156\r\181V','d\216')][Ie('\129\138\152','\239')](1,0,1,0);xl[Ie('\177\5\19+\149\3\15,','\225j\96B')]=mc[Ie('\252\2\192+\155','\169F')][Ie('\245\254\236','\155')](0,0,0,1);xl[Ie("\'\20\205\145\nxeR\159\139\152\23\20\192\137\29kxB\159\140\181","eu\174\250m\n\n\'\241\239\204")]=1;xl[Ie('z\197AD\233W',' \140/')]=969;xl[Ie('\n\146\164\"\135\181','K\241\208')]=true;xl[Ie('\182\246\234\bu\145\242\228\1s','\229\147\134m\22')]=true local Ri,Re,_c,lj={},{},{[Ie('\229\207\215\155v\236\219\215\151>','\164\186\163\244V')]=0,[Ie('i\244\218_\153\30\52F\232\201Q\212\54.','(\129\174\48\185S]')]=0,[Ie('\168<^\247\253\t\28\136;N\255\188&\22','\233I*\152\221Ks')]=0,[Ie('\230\54\212\144\227|\197\202c\231\154\173R\197','\167C\160\255\195;\160')]=0,[Ie('\232\188|\18\244U\192\186\96\20\186t','\169\201\b}\212\19')]=0,[Ie('\245\151\228y~\15y\244\217\194\192\127=\"m\246\199','\180\226\144\22^I\24\134')]=0},{[Ie('\231\221\176\225\208\238\201\176\237\152','\166\168\196\142\240')]=false,[Ie(' \241P\200l;\166\15\237C\198!\19\188','a\132$\167Lv\207')]=false,[Ie('\21h\0V\by\234\53o\16^IV\224','T\29t9(;\133')]=false,[Ie('\218\v!d\n^:\246^\18nDp:','\155~U\v*\25_')]=false,[Ie(']\235b\22\178\50u\237~\16\252\19','\28\158\22y\146t')]=false,[Ie('%l\213&\2T\a\200\t\57\241 Ay\19\202\23','d\25\161I\"\18f\186')]=false};Fm[Ie("\'\128t]\132\149&\145\127I\145\130\17",'u\229\26\57\225\231')][Ie('\151\176\52\186\186\57\160','\212\223Z')](Fm[Ie("\'\128t]\132\149&\145\127I\145\130\17",'u\229\26\57\225\231')],function()for oi,Be in mc[Ie('\17w\bd\18','a\22')](_c)do if not(Ri[oi]and not lj[oi])then else _c[oi]=mc[Ie('\203#\220!','\191J')]()end end if Ri[Ie('\161\156\19\18<\5\250\140\141\201\55\20\127(\238\142\147','\224\233g}\28C\155\254')]and not lj[Ie('6C\133t\21\170\127\155\26\22\161rV\135k\153\4','w6\241\27\53\236\30\233')]then Ri[Ie('!wI\142\n(cI\130B','\96\2=\225*')]=false;Ri[Ie('\21 X\149u\173\252:<K\155\56\133\230','TU,\250U\224\149')]=false;Ri[Ie('}\136\tn:\250R]\143\25f{\213X','<\253}\1\26\184=')]=false;Ri[Ie('\229\207\223\225\239\220\49\201\154\236\235\161\242\49','\164\186\171\142\207\155T')]=false;Ri[Ie('V\220\159\165\129\222~\218\131\163\207\255','\23\169\235\202\161\152')]=false end if not((Ri[Ie('\245\162/:\154\252\182/6\210','\180\215[U\186')]and not lj[Ie('\23|a\164?\30ha\168w','V\t\21\203\31')])or(Ri[Ie('U[\131\14\134\254\246zG\144\0\203\214\236','\20.\247a\166\179\159')]and not lj[Ie('\207\224\48\196\207\235Z\224\252#\202\130\195@','\142\149D\171\239\166\51')])or(Ri[Ie('o^\17C0\215\159OY\1Kq\248\149','.+e,\16\149\240')]and not lj[Ie('\202\191\255@:?\202\234\184\239H{\16\192','\139\202\139/\26}\165')])or(Ri[Ie('\241=!\f\186\15\254\221h\18\6\244!\254','\176HUc\154H\155')]and not lj[Ie('S|\138\166\219;\138\127)\185\172\149\21\138','\18\t\254\201\251|\239')])or(Ri[Ie('\138G{\27\135}\162Ag\29\201\\','\203\50\15t\167;')]and not lj[Ie('\242\203\206\"\50c\218\205\210$|B','\179\190\186M\18%')]))then else Ri[Ie('.k\253\146\r\27\229\4\2>\217\148N6\241\6\28','o\30\137\253-]\132v')]=false end if not((Ri[Ie('\202\169]\214\2\49\18\230\252n\220L\31\18','\139\220)\185\"vw')]and not lj[Ie('!$\243\153\131\154\28\rq\192\147\205\180\28','\96Q\135\246\163\221y')])or(Ri[Ie('v\27A\174\253\127\15A\162\181','7n5\193\221')]and not lj[Ie('\241\48\254\5\192\248$\254\t\136','\176E\138j\224')])or(Ri[Ie('\177\162\211<\193(X\158\190\192\50\140\0B','\240\215\167S\225e1')]and not lj[Ie('O\205\20E\211\166\243\96\209\aK\158\142\233','\14\184\96*\243\235\154')])or(Ri[Ie('a\177\26\150\29\239I\183\6\144S\206',' \196n\249=\169')]and not lj[Ie('(\3\238I\18\237\0\5\242O\\\204','iv\154&2\171')]))then else Ri[Ie("3M7\218\144Z\191\19J\'\210\209u\181",'r8C\181\176\24\208')]=false end if Ri[Ie('\198\255\237\249]&\238\249\241\255\19\a','\135\138\153\150}\96')]and not lj[Ie('BG\188\23\0mjA\160\17NL','\3\50\200x +')]then Ri[Ie('\5\145=\220h\f\133=\208 ','D\228I\179H')]=false;Ri[Ie('\154\232\163\253[\171\f\181\244\176\243\22\131\22','\219\157\215\146{\230e')]=false;Ri[Ie('\213\14\136\136\6@H\245\t\152\128GoB',"\148{\252\231&\2\'")]=false;Ri[Ie('\204|fP\239\252\236\224)UZ\161\210\236','\141\t\18?\207\187\137')]=false end if(Ri[Ie('\141\249\\\96E\132\237\\l\r','\204\140(\15e')]and not lj[Ie('\141UX\145\208\132AX\157\152','\204 ,\254\240')])or(Ri[Ie('8\252\182mW\145/\23\224\165c\26\185\53','y\137\194\2w\220F')]and not lj[Ie('\132\129\138\235\212\r\134\171\157\153\229\153%\156','\197\244\254\132\244@\239')])or(Ri[Ie('0\168\v\167\163Q\188\28\253\56\173\237\127\188','q\221\127\200\131\22\217')]and not lj[Ie('YR\157\248\135\226Eu\a\174\242\201\204E',"\24\'\233\151\167\165 ")])or(Ri[Ie('\5\253 (M\214\28%\250\48 \f\249\22','D\136TGm\148s')]and not lj[Ie('\142\56]\242\163 \14\174?M\250\226\15\4','\207M)\157\131ba')])then Ri[Ie('\252\159\24\237X\132\212\153\4\235\22\165','\189\234l\130x\194')]=false end if not(Ri[Ie('\161\25\175\179G<\167\129\30\191\187\6\19\173','\224l\219\220g~\200')])then else Ri[Ie('I\150\169\56\221\203\206e\195\154\50\147\229\206','\b\227\221W\253\140\171')]=false;Ri[Ie('\181\135\242z\183\188\147\242v\255','\244\242\134\21\151')]=false;Ri[Ie('\v\211\214\150\163\190\53$\207\197\152\238\150/','J\166\162\249\131\243\\')]=false end if Ri[Ie('\197\177\1y\231\204\165\1u\175','\132\196u\22\199')]and Ri[Ie('I\168\250\133>\234tf\180\233\139s\194n','\b\221\142\234\30\167\29')]then if _c[Ie('\144\141zb\189\153\153zn\245','\209\248\14\r\157')]>_c[Ie('\6\217\5\19R\180y)\197\22\29\31\156c','G\172q|r\249\16')]then Ri[Ie('\129J\129-\3\157\209\174V\146#N\181\203','\192?\245B#\208\184')]=false else Ri[Ie('\31\203\255\167\251\22\223\255\171\179','^\190\139\200\219')]=false end end for Pe,nn in mc[Ie('\150/\143<\149','\230N')](lj)do lj[Pe]=Ri[Pe]end end);oa[Ie('\159\249,\v\170\231\n\a\166','\207\149Mr')][Ie('\15\223\128\0\185\r\211\141\t\185','L\183\233l\221')][Ie(']\232\157p\226\144j','\30\135\243')](oa[Ie('\159\249,\v\170\231\n\a\166','\207\149Mr')][Ie('\15\223\128\0\185\r\211\141\t\185','L\183\233l\221')],function()local Kd=oa[Ie('\151\27\162\187\162\5\132\183\174','\199w\195\194')][Ie('\204Q#\253\251\170\53\249L\14\241\212\175#','\138\56M\153\189\195G')](oa[Ie('\151\27\162\187\162\5\132\183\174','\199w\195\194')],Ie('*5\194-\234\131\53\f\255\52\191\218\r','xc\155y\218\180'))if not(Kd)then else Kd[Ie('-\213\170\159\27\53\16\243\171\139\18&','i\188\217\239wT')]=9999 end end)local Qk=xf[Ie('\fK\24\139#^\21\57V5\135\f[\3','J\"v\239e7g')](xf,Ie('\145\128e@\\\168\139r\\m\181','\208\238\17)\25'))if Qk then mc[Ie('\\\221Y\210','+\188')](mc[Ie('\193\168\155\219\178\142','\178\220\233')][Ie('Y\20\4R\26\2','?{v')](Ie(T'2AoM6H6t1uhubFZ98uE67w0Hd5a8WgcKpxaUlJmG3Ux48rzfGI/kC0G2Nu8yddk2/5LuOkt1AJuEA/MNATm3/UYFXa9HiJ3YmNNWPLOz3xyd6BsPs30=',T'ilxVvE6a8ZtOLhEuu8F7mnloV9DdKGoqjzPnvbnuvD9Yk9Ctfe6AcmHUUw=='),Ie('\200\51\132\141/\158','\190\1\170')));xi[Ie('f\223\208V\200\204[','\"\186\163')](xi)return end mc[Ie('X\196A\216\\','(\182')](mc[Ie('X\209jB\203\127','+\165\24')][Ie('gG\201lI\207','\1(\187')](Ie("\'\57E-TN9u\137\222\15\a|\200\255x\155\180\159E\210\17\24O4\\\23P>o\218\188&;B\200\204x\129\181\214m\212M",'uo\28ydy\30\6\169\156HT5\232\190\r\239\219\191\3\179c'),Ie('\252\247\v\185\235\17','\138\197%')));mc[Ie("\152\'\159-",'\236F')][Ie('\129O\147H\156','\242?')](function()while not Ri[Ie('\221\153\5\b\214\131\31\14\222','\154\204LK')]do local Uf=xf[Ie('\146T\140\163\241\189\55\167I\161\175\222\184!','\212=\226\199\183\212E')](xf,Ie('x\17\208\56\201A\26\199$\248\\','9\127\164Q\140'))if not(not Uf)then else local Rl=mc[Ie('!\189\204\133\t\189\220\148','h\211\191\241')][Ie('xsa','\22')](Ie('\209i\19\191\197g\16\166\246','\147\6|\211'));Rl[Ie(' \15\3\v','nn')]=Ie('\204\198\144\194\156\245\205\135\222\173\232','\141\168\228\171\217');Rl[Ie('\207\188\129\250\179\135','\159\221\243')]=xf end xi=oa[Ie('\131o\171\187\178\234\166M\170\166\152\225','\212\14\194\207\244\133')](oa,Ie('\169\148\217.\156\138\255\"\144','\249\248\184W'))[Ie('\202d\176\228\184e\31\255y\157\232\151\96\t','\140\r\222\128\254\fm')](oa[Ie('\131o\171\187\178\234\166M\170\166\152\225','\212\14\194\207\244\133')](oa,Ie('\169\148\217.\156\138\255\"\144','\249\248\184W')),Ie('CM\255t\14\203@\0;\\~\200Uz\153o\26\56','\17\27\166 >\252\ro_'))if not(not xi or not xi[Ie('B\235\147l\3\246\223~\229\180m\2\246\236','\v\140\253\3q\147\152')]or not xi[Ie("\'\131\225\0\129\229\6",'b\237\128')]or xi[Ie('\195\225\254\a\217\141\255\215\253\3\218\172','\145\132\141b\173\194')]or xi[Ie('\5~\127\54\5M8X~\"\f^','A\23\fFi,')]~=999 or not xi[Ie('\146\148i\30 1\171\167\137D\18\15\52\189','\212\253\azfX\217')](xi,Ie('\179\223\148\192\144','\245\173'))or not xi[Ie('\129\217\250\56#\158\54\180\196\215\52\f\155 ','\199\176\148\\e\247D')](xi,Ie('.3\t,\r','hA'))[Ie('D\t\196l\28\213','\5j\176')]or not xi[Ie('\212f\146\163\143x}\225{\191\175\160}k','\146\15\252\199\201\17\15')](xi,Ie('u\154R\133V','3\232'))[Ie('\145O\140\174D\147\162','\199&\255')]or xi[Ie('\183/\211@p\235\231\130\50\254L_\238\241','\241F\189$6\130\149')](xi,Ie('\171.\140\49\136','\237\\'))[Ie('\t\174 \162','Z\199')]~=mc[Ie('\19u/\\t','F1')][Ie('\17\26\b','\127')](1,0,1,0)or xi[Ie('\174u\218\159k\222k\155h\247\147D\219}','\232\28\180\251-\183\25')](xi,Ie('\25f>y:','_\20'))[Ie('~\142\163\159Z\136\191\152','.\225\208\246')]~=mc[Ie("@\204|\229\'",'\21\136')][Ie('\228\239\253','\138')](0,0,0,1)or xi[Ie('\224\177&\176\57\96\3\213\172\v\188\22e\21','\166\216H\212\127\tq')](xi,Ie('\6\236!\243%','@\158'))[Ie('\178\158\\\140\178J','\232\215\50')]~=969)then else if not(xi)then else xi[Ie(' \186\187\16\173\167\29','d\223\200')](xi)end xi=mc[Ie('\222\0z\r\246\0j\28','\151n\ty')][Ie('\131\136\154','\237')](Ie('\221\245v\r\235\248C\29\231','\142\150\4h'),mc[Ie('\164)\174-','\195H')][Ie('r\183\217[\190\202Q','\"\219\184')][Ie('\130\156\54\246\14\158\159\52\238\a\188','\206\243U\151b')][Ie('fJQb\"vChP\127\b}','1+8\22d\25')](mc[Ie('\164)\174-','\195H')][Ie('r\183\217[\190\202Q','\"\219\184')][Ie('\130\156\54\246\14\158\159\52\238\a\188','\206\243U\151b')],Ie('#M\195\228\22S\229\232\26','s!\162\157')));xi[Ie('\"U\1Q','l4')]=Ie('\29\156\241\142ve\6\175\252\2\175\198\175\2\55)\181\255','O\202\168\218FRK\192\152');xi[Ie('H\233fXL\17u\207gLE\2','\f\128\21( p')]=999;xi[Ie('\246\238\138Yo\22\0\202\224\173Xn\22\51','\191\137\228\54\29sG')]=true;xi[Ie("#!\'\16\253\250\31\23$\20\254\219",'qDTu\137\181')]=false local If=mc[Ie('\130\49\26\224\170\49\n\241','\203_i\148')][Ie('\14\5\23','\96')](Ie('0\174\23\177\19','v\220'),xi);If[Ie('J\254c\242','\25\151')]=mc[Ie('\180\a\136.\211','\225C')][Ie('&-?','H')](1,0,1,0);If[Ie('H\235\168Gl\237\180@','\24\132\219.')]=mc[Ie('8\2\4+_','mF')][Ie('\196\207\221','\170')](0,0,0,1);If[Ie(";\'\240\188\150\143;\131[Et\v\'\253\164\129\156&\147[BY",'yF\147\215\241\253T\246\53! ')]=1;If[Ie('\240\149\6\206\185\16','\170\220h')]=969;If[Ie('&\167\15\14\178\30','g\196{')]=true;If[Ie('\179\239\28w\190\148\235\18~\184','\224\138p\18\221')]=true end mc[Ie('P\162W\168','$\195')][Ie('\135\f\153\25','\240m')](0.016666666666666666)end end)local qj,lk,kn,dm,Mk,Ej,Gf,Vc,fk,I,n_,Pd,hn=Ie('\134\163\139\255\17\48\171X\213\139\rP\137\181\241\139\184\183\197TX\167\127\230\172-a\163\169\202','\212\245\210\171!\a\244\26\146\216D\15\196\218\149')..oa[Ie("\239\'\204#",'\161F')]..Ie('\250\215\167\210\186','\212\189'),Ie('Y\207\28\28\127{\199SV8','\21\160}x\22'),Ie('W\171\199R\223u\163\136\24\152','\27\196\166\54\182'),{[Ie('\176\172u\234\16;\214\227T\227\24w','\231\195\a\134t\27')]={[Ie('\21\244F\251\49\242Z\252','E\155\53\146')]=mc[Ie('\24J\203:a\220','[\f\185')][Ie('xsa','\22')](-70.3784256,6862.18066,117.75927,0.99997562200000001,-2.6140133999999999e-07,0.0069818086899999998,2.5959522500000001e-07,1,2.5959542399999999e-07,-0.0069818086899999998,-2.5777666199999998e-07,0.99997562200000001)},[Ie('\179t&_\254\210\27\227+\165\140qgk\248\198P\196>\183','\224\28G;\145\165;\177N\196')]={[Ie('\228\26\170\50\192\28\182\53','\180u\217[')]=mc[Ie('T~VvUA','\23\56$')][Ie('|we','\18')](2354.1228000000001,3158.1853000000001,873.45281999999997,-0.433665156,3.4649215800000002e-07,0.90107411100000001,2.5959531100000001e-07,1,-2.5959542399999999e-07,-0.90107411100000001,1.2133710899999999e-07,-0.433665156)},[Ie('\213\0\239\216\170\252\t\224\150\135','\143e\129\248\227')]={[Ie('\170\6\187\171\142\0\167\172','\250i\200\194')]=mc[Ie('\140DC\174oT','\207\2\49')][Ie('XSA','6')](4.8062472300000003,15972.772499999999,43.796966599999998,0.99981224499999999,-2.5451632299999998e-07,-0.019377794100000002,2.5959545299999999e-07,1,2.5959516800000002e-07,0.019377794100000002,-2.6457681199999998e-07,0.99981224499999999)},[Ie('\207\f\0\253\174P\254n\237I?\184\155Z\252k','\136im\221\233\53\144\a')]={[Ie('\161\151\128v\133\145\156q','\241\248\243\31')]=mc[Ie('}{\234_P\253','>=\152')][Ie("\',>",'I')](4.9746746999999996,15976.543900000001,-0.74841928499999999,0.99976640900000002,-2.53923929e-07,0.021613849300000001,2.5959542399999999e-07,1,-2.5959556599999998e-07,-0.021613849300000001,2.6514575799999998e-07,0.99976640900000002)},[Ie('F\185\15\189\96\177\15\162a','\4\214n\207')]={[Ie('=\216x&\25\222d!','m\183\vO')]=mc[Ie('\135d\145\165O\134','\196\"\227')][Ie('\219\208\194','\181')](9793.75,26.101774200000001,30.150312400000001,0.99005234200000003,-2.9353807899999999e-07,0.14069949100000001,2.5959548099999999e-07,1,2.5959550999999999e-07,-0.14069949100000001,-2.2048820400000001e-07,0.99005234200000003)},[Ie('\189\167\1\156\164\167\156\238!\132\172\190\149','\251\206r\244\205\201')]={[Ie('\208Bhh\244Dto','\128-\27\1')]=mc[Ie("+\138\48\t\161\'",'h\204B')][Ie('\186\177\163','\212')](-23662.912100000001,7.5776963200000003,-79.410987899999995,1,2.59595396e-07,-1.1443838099999999e-09,-2.59595396e-07,1,2.5959531100000001e-07,1.1444512000000001e-09,-2.5959531100000001e-07,1)}},{[Ie('\131\226\128\151p\174\173\168\157x','\192\141\237\250\31')]={[Ie('<C\23T\1','s1')]=1,[Ie('\140\220\229\148\168\218\249\147','\220\179\150\253')]=mc[Ie('\135b\240\165I\231','\196$\130')][Ie('\217\210\192','\183')](-4.0635209100000003,9.2982025099999994,-79.875190700000005,-0.00064392638199999995,-2.59428134e-07,0.99999982099999996,2.5959559499999998e-07,1,2.59595367e-07,-0.99999982099999996,2.5976268599999999e-07,-0.00064392638199999995),[Ie('\19v#m','P\25')]=10,[Ie('\205\232V\219\210O\237\228p\208\199D','\142\157$\169\183!')]=Ie('J,\96-z','\tC'),[Ie('\143Eg\171x\202\48\241\168Q}\182\127\204\a\241\180','\198\"\t\196\n\175s\158')]=false},[Ie('\151\180\15s\4\161\160@B\23\163','\196\196\96\ap')]={[Ie('L\194g\213q','\3\176')]=2,[Ie('\165f\138\248\129\96\150\255','\245\t\249\145')]=mc[Ie('\226\164\157\192\143\138','\161\226\239')][Ie('\24\19\1','v')](-4.0564684900000003,9.2982025099999994,-68.873893699999996,-0.00064401462400000005,-2.59428134e-07,0.99999982099999996,2.5959542399999999e-07,1,2.59595367e-07,-0.99999982099999996,2.5976254400000001e-07,-0.00064401462400000005),[Ie('\200\233\248\242','\139\134')]=110,[Ie('\241\53u1]\183\209\57S:H\188','\178@\aC8\217')]=Ie("L\'f&|",'\15H'),[Ie('\225h0^\153+(\184\198|*C\158-\31\184\218','\168\15^1\235Nk\215')]=false},[Ie('\177\248\242\145\18w\138\255\183\167\29q','\248\155\151\226z\22')]={[Ie('#\231\b\240\30','l\149')]=3,[Ie('\248\140\247\197\220\138\235\194','\168\227\132\172')]=mc[Ie('ZM}xfj','\25\v\15')][Ie('\175\164\182','\193')](-4.0494179700000004,9.2982025099999994,-57.873680100000001,-0.00064421631400000002,2.59428049e-07,0.99999982099999996,-2.5959548099999999e-07,1,-2.59595339e-07,-0.99999982099999996,-2.5976268599999999e-07,-0.00064421631400000002),[Ie('=\130\r\153','~\237')]=450,[Ie('\\\187\tv\204\4|\183/}\217\15','\31\206{\4\169j')]=Ie('}pWqM','>\31'),[Ie('\137$\210\223\162\223\203\1\174\48\200\194\165\217\252\1\178','\192C\188\176\208\186\136n')]=false},[Ie('u\242\52\212\3_\162\24\216\1','&\130]\191f')]={[Ie('|\203W\220A','3\185')]=4,[Ie('\5\177\14O!\183\18H','U\222}&')]=mc[Ie('\213%d\247\14s','\150c\22')][Ie('\27\16\2','u')](-6.8240132300000003,422.91009500000001,156.919388,-0.99613833399999996,2.8138475699999999e-07,-0.087797544899999996,2.59595367e-07,1,2.5959553799999998e-07,0.087797544899999996,2.35801238e-07,-0.99613833399999996),[Ie('\18f\"}','Q\t')]=5000,[Ie('\241~\202\136Y(\209r\236\131L#','\178\v\184\250<F')]=Ie('\201\50\227\51\249','\138]'),[Ie('O\237A\151\222\17\4 h\249[\138\217\23\51 t','\6\138/\248\172tGO')]=false},[Ie('\246\30\232<\218_\202\54\220','\187\127\143Q')]={[Ie('y\229R\242D','6\151')]=5,[Ie('\232\142\240>\204\136\236\57','\184\225\131W')]=mc[Ie('\177\245K\147\222\\','\242\179\57')][Ie('^UG','0')](-16.718771,2665.16455,8.2902631800000002,-0.00404130854,3.3201567099999999e-38,0.99999183400000002,-1.8905628e-38,1,-3.3278243300000001e-38,-0.99999183400000002,-1.90399607e-38,-0.00404130854),[Ie('\190f\142}','\253\t')]=15000,[Ie(')Y\170\157\140\224\tU\140\150\153\235','j,\216\239\233\142')]=Ie('\151\233\189\232\167','\212\134'),[Ie('}l\214\200\169\172\215\147Zx\204\213\174\170\224\147F','4\v\184\167\219\201\148\252')]=false},[Ie('H\3\209\239\177j\29\136\217\162l','\vq\168\156\197')]={[Ie('\20\227?\244)','[\145')]=6,[Ie('\178\189\24D\150\187\4C','\226\210k-')]=mc[Ie('\229\202\206\199\225\217','\166\140\188')][Ie('\222\213\199','\176')](-16.676975299999999,2665.16455,18.665229799999999,-0.0040414277499999998,0,0.99999183400000002,0,1,0,-0.99999183400000002,0,-0.0040414277499999998),[Ie('\127\168O\179','<\199')]=75000,[Ie('\185\19\205Bl\19\153\31\235Iy\24','\250f\191\48\t}')]=Ie('5\20\31\21\5','v{'),[Ie('\254F\1\134n\14\198\220\217R\27\155i\b\241\220\197','\183!o\233\28k\133\179')]=false},[Ie('\191B\249\166\129\23\210\160\148','\243\55\151\199')]={[Ie('j\155A\140W','%\233')]=7,[Ie('\218\231Y\195\254\225E\196','\138\136*\170')]=mc[Ie('*\173\154\b\134\141','i\235\232')][Ie('\b\3\17','f')](-56.853240999999997,6862.5820299999996,80.575447100000005,0.99999928500000002,2.5990797800000003e-07,0.00120420242,-2.5959556599999998e-07,1,-2.5959550999999999e-07,-0.00120420242,2.5928269999999998e-07,0.99999928500000002),[Ie('>F\14]','})')]=100000,[Ie(')\226\157\244x\204\t\238\187\255m\199','j\151\239\134\29\162')]=Ie('5\208\31\209\5','v\191'),[Ie('\17\231\6/\15\218\242V6\243\28\50\b\220\197V*','X\128h@}\191\177\57')]=false},[Ie('3\219\186iE\241\180j','e\180\211\r')]={[Ie('\v\158 \137\54','D\236')]=8,[Ie(';\1r\220\31\an\219','kn\1\181')]=mc[Ie('\v\144E)\187R','H\214\55')][Ie('\195\200\218','\173')](4.4434676199999998,10147.8027,186.87919600000001,-0.609629333,3.6403494600000001e-07,-0.79268664099999997,2.5959545299999999e-07,1,2.5959559499999998e-07,0.79268664099999997,-4.7520771300000001e-08,-0.609629333),[Ie('\151\208\167\203','\212\191')]=175000,[Ie('\159\150\153\152\233m\191\154\191\147\252f','\220\227\235\234\140\3')]=Ie('\245\167\223\166\197','\182\200'),[Ie('f!WMq\249\195!A5MPv\255\244!]','/F9\"\3\156\128N')]=false},[Ie('[\211\255\206\51\243\244\197','\19\182\147\162')]={[Ie('\249\23\210\0\196','\182e')]=9,[Ie('\20\231\167\27\48\225\187\28','D\136\212r')]=mc[Ie('x\19\5Z8\18',';Uw')][Ie('[PB','5')](-6.2800021199999998,10147.8027,191.65692100000001,-0.99130147700000004,-2.2317172499999999e-07,0.131610751,-2.59595367e-07,1,-2.5959542399999999e-07,-0.131610751,-2.9150288600000002e-07,-0.99130147700000004),[Ie('&\148\22\143','e\251')]=300000,[Ie('\163&\179w\18\228\131*\149|\a\239','\224S\193\5w\138')]=Ie('\205\194\231\195\253','\142\173'),[Ie('F\201\210?J\219z%a\221\200\"M\221M%}','\15\174\188P8\190\57J')]=false},[Ie('\225aD\133\142\"\206zF\205\191(\200','\175\b#\237\250O')]={[Ie('\157\175\182\184\160','\210\221')]=10,[Ie('\156\210\253*\184\212\225-','\204\189\142C')]=mc[Ie('\243\140N\209\167Y','\176\202<')][Ie('\173\166\180','\195')](-15.9982901,10147.8027,185.164795,-0.40573734,3.4259502999999998e-07,0.91398972300000003,2.5959545299999999e-07,1,-2.59595339e-07,-0.91398972300000003,1.3194005499999999e-07,-0.40573734),[Ie('\156\55\172,','\223X')]=900000,[Ie('X\167\145\175SCx\171\183\164FH','\27\210\227\221\54-')]=Ie('\202\b\224\t\250','\137g'),[Ie('\156I\215\255\195Ax\141\187]\205\226\196GO\141\167','\213.\185\144\177$;\226')]=false},[Ie('0K\173\56\151\r]\228\19\146\5','b*\196V\245')]={[Ie('(\166\3\177\21','g\212')]=11,[Ie('7 \19\228\19&\15\227','gO\96\141')]=mc[Ie('[\172\143y\135\152','\24\234\253')][Ie('7<.','Y')](-35.576030699999997,15972.4229,43.764083900000003,-0.96547520200000003,1.83009519e-07,0.26049497700000002,2.59595396e-07,1,2.5959573700000002e-07,-0.26049497700000002,3.1825655399999999e-07,-0.96547520200000003),[Ie('\200>\248%','\139Q')]=1500000,[Ie('\203\173\164\4\180\206\235\161\130\15\161\197','\136\216\214v\209\160')]=Ie('\6{,z6','E\20'),[Ie('\196\219\188|\196A%k\227\207\166a\195G\18k\255','\141\188\210\19\182$f\4')]=false},[Ie('\230\171\216\171\242\212\173\151\153\248\210','\181\195\183\220\159')]={[Ie('\201\191\226\168\244','\134\205')]=12,[Ie('\241\210\149\191\213\212\137\184','\161\189\230\214')]=mc[Ie('\219\56h\249\19\127','\152~\26')][Ie('\186\177\163','\212')](9940.3115199999993,26.8970299,209.978363,-0.69887876500000001,-3.6709877800000001e-07,-0.71524018,-2.5959531100000001e-07,1,-2.5959548099999999e-07,0.71524018,4.2472350100000002e-09,-0.69887876500000001),[Ie('g\14W\21','$a')]=1000,[Ie("\'\137\219\221\160\157\a\133\253\214\181\150",'d\252\169\175\197\243')]=Ie('\214*\205\233&\218\241','\130C\174'),[Ie('6\150w\240dQ\175\173\17\130m\237cW\152\173\r','\127\241\25\159\22\52\236\194')]=false},[Ie('\17\55\28\52\15;~7:\6','\\^r]a')]={[Ie('\248 \211\55\197','\183R')]=13,[Ie('\29\210\143\144\57\212\147\151','M\189\252\249')]=mc[Ie('\217AP\251jG','\154\a\"')][Ie('\24\19\1','v')](9918.5390599999992,7682.0449200000003,242.783905,-0.32808327700000001,3.3039546600000001e-07,-0.94464880200000001,2.5959556599999998e-07,1,2.59595396e-07,0.94464880200000001,-1.6005773799999999e-07,-0.32808327700000001),[Ie('\192\211\240\200','\131\188')]=120000,[Ie('\203\222\158\179\204\157\235\210\184\184\217\150','\136\171\236\193\169\243')]=Ie('\202\25N\245\21Y\237','\158p-'),[Ie('08\r]l\153%e\23,\23@k\159\18e\v','y_c2\30\252f\n')]=false},[Ie('\238\198\204\t\223\159\235\v\202','\173\191\174l')]={[Ie('!Y\nN\28','n+')]=14,[Ie('%\24QN\1\30MI',"uw\"\'")]=mc[Ie('\168\14I\138%^','\235H;')][Ie(')\"\48','G')](9913.4882799999996,13410.247100000001,242.496567,0.00606069295,2.58017394e-07,-0.99998164199999995,2.5959550999999999e-07,1,2.5959548099999999e-07,0.99998164199999995,-2.6116404700000001e-07,0.00606069295),[Ie('bsRh','!\28')]=450000,[Ie('Z\238\128\234\137\50z\226\166\225\156\57','\25\155\242\152\236\\')]=Ie('>\151\6\1\155\17\25','j\254e'),[Ie('<\252Q9\167l&R\27\232K$\160j\17R\a','u\155?V\213\te=')]=false},[Ie('2\213\219)\\\245\211 ','|\176\180G')]={[Ie('\231\18\204\5\218','\168\96')]=15,[Ie('I9U\31m?I\24','\25V&v')]=mc[Ie('\238?\222\204\20\201','\173y\172')][Ie('\219\208\194','\181')](9883.4736300000004,20089.773399999998,260.44686899999999,-0.99999922500000005,2.5926962599999998e-07,0.0012535946400000001,2.5959525400000001e-07,1,2.5959548099999999e-07,-0.0012535946400000001,2.59920711e-07,-0.99999922500000005),[Ie('\182l\134w','\245\3')]=1300000,[Ie('\27D\243\184\218\220;H\213\179\207\215','X1\129\202\191\178')]=Ie('\198\133\28\249\137\v\225','\146\236\127'),[Ie('u!\173\255\189\154\15\241R5\183\226\186\156\56\241N','<F\195\144\207\255L\158')]=false},[Ie('\230\169\151\143\143\137\200','\175\202\238')]={[Ie('\21\6>\17(','Zt')]=16,[Ie('=\15\176m\25\t\172j','m\96\195\4')]=mc[Ie('\216\152\167\250\179\176','\155\222\213')][Ie('\130\137\155','\236')](-21428.1777,7.1648092300000004,-100876.719,-0.99657601100000004,2.3724311399999999e-07,-0.082681402599999995,2.5959570800000002e-07,1,-2.5959579400000001e-07,0.082681402599999995,-2.8017066699999998e-07,-0.99657601100000004),[Ie('|OLT','? ')]=25,[Ie('\183\145\192\249\"\26\151\157\230\242\55\17','\244\228\178\139Gt')]=Ie('2\17.\16\24<','btO'),[Ie('\150\217F\134\222\55\147|\177\205\\\155\217\49\164|\173','\223\190(\233\172R\208\19')]=false},[Ie('_.\234\216)\2\227\218','\tG\132\189')]={[Ie('\249:\210-\196','\182H')]=17,[Ie('\178p<\176\150v \183','\226\31O\217')]=mc[Ie('\225\20j\195?}','\162R\24')][Ie('ibp','\a')](-19303.25,7.3095459900000002,18899.9277,-0.84210872699999995,0,-0.53930777299999999,0,1,0,0.53930777299999999,0,-0.84210872699999995),[Ie('\152\150\168\141','\219\249')]=250,[Ie('\160\208\51\n\160\30\128\220\21\1\181\21','\227\165Ax\197p')]=Ie('\165[]\135RO','\245><'),[Ie('\24\145\225\137hL9\181?\133\251\148oJ\14\181#','Q\246\143\230\26)z\218')]=false},[Ie('j\170\223\168\6\142\206\174','&\203\169\201')]={[Ie('U\18~\5h','\26\96')]=18,[Ie('\231\149_\152\195\147C\159','\183\250,\241')]=mc[Ie('Y/\145{\4\134','\26i\227')][Ie('(#1','F')](-71.781456000000006,12.810639399999999,15.9462814,-0.74431115400000003,-3.6658599399999998e-07,-0.66783297100000005,-2.59595396e-07,1,-2.5959522500000001e-07,0.66783297100000005,-1.9853251500000002e-08,-0.74431115400000003),[Ie('m\233]\242','.\134')]=750,[Ie(')\27\2Q\206\163\t\23$Z\219\168','jnp#\171\205')]=Ie('\209W\4\243^\22','\129\50e'),[Ie('\127\237\154\136[\145\141\211X\249\128\149\\\151\186\211D','6\138\244\231)\244\206\188')]=false},[Ie('V\178\159\162B\204~\181\211\134K\223','\23\198\243\195,\184')]={[Ie('\182&\157\49\139','\249T')]=19,[Ie('r5\136\204V3\148\203','\"Z\251\165')]=mc[Ie('\175M\148\141f\131','\236\v\230')][Ie('\205\198\212','\163')](-13945.968800000001,13.0212469,-20255.3125,-0.99999988100000003,0,-0.00054350309100000005,0,1,0,0.00054350309100000005,0,-0.99999988100000003),[Ie('tmDv','7\2')]=1000,[Ie('\180\218B_[\165\148\214dTN\174','\247\175\48->\203')]=Ie('\177\218p\147\211b','\225\191\17'),[Ie('\29\57@-J\f\229\227:-Z0M\n\210\227&','T^.B8i\166\140')]=false},[Ie('efl>\179Oi-\b\167A','&\n\rM\192')]={[Ie('J\169a\190w','\5\219')]=20,[Ie('\4\238ZV \232FQ','T\129)?')]=mc[Ie('[\214\250y\253\237','\24\144\136')][Ie('\155\144\130','\245')](-41511.468800000002,9.0661134699999995,-20492.037100000001,-0.99999558899999996,-9.9326969199999996e-16,-0.00297134626,-9.9526710099999995e-16,1,6.7075130900000004e-16,0.00297134626,6.7370560099999998e-16,-0.99999558899999996),[Ie(' 8\16#','cW')]=2000,[Ie('\246\230\171\139\221b\214\234\141\128\200i','\181\147\217\249\184\f')]=Ie('\182\215l\148\222~','\230\178\r'),[Ie('\184z\241\bb\29$$\159n\235\21e\27\19$\131','\241\29\159g\16xgK')]=false},[Ie('\136\51\218p(\175v\252e*','\219V\185\2M')]={[Ie('\144_\187H\173','\223-')]=21,[Ie('\142\199!\131\170\193=\132','\222\168R\234')]=mc[Ie('\151\28\132\181\55\147','\212Z\246')][Ie('\191\180\166','\209')](-19442.830099999999,9.6145324700000003,18836.921900000001,0.92368370300000002,0,0.383155882,0,1,0,-0.383155882,0,0.92368370300000002),[Ie('\25F)]','Z)')]=1,[Ie('\216\192J \30b\248\204l+\vi','\155\181\56R{\f')]=Ie('*3\0\50\26','i\\'),[Ie('\23\130\55q\n\171 70\150-l\r\173\23\55,','^\229Y\30x\206cX')]=false},[Ie('3$\204\224+\178\14\51\138\204\"\188','zJ\170\137E\219')]={[Ie('/\16\4\a\18','\96b')]=22,[Ie('|\194\4\fX\196\24\v',',\173we')]=mc[Ie('\140\29+\174\54<','\207[Y')][Ie('\211\216\202','\189')](-94.912666299999998,8.2981948899999995,-26.949325600000002,0.000889187853,2.5936444099999998e-07,0.99999958300000003,2.5959556599999998e-07,1,-2.59595367e-07,-0.99999958300000003,2.5982629400000002e-07,0.000889187853),[Ie('A\180q\175','\2\219')]=0,[Ie('Q\v\162\178\239\195q\a\132\185\250\200','\18~\208\192\138\173')]=Ie('\161\192\174','\239'),[Ie('\249j<\139\28\249\201\171\222~&\150\27\255\254\171\194','\176\rR\228n\156\138\196')]=false},[Ie('\t\196\252\26\230<\193\181\49\245>','Y\165\149t\146')]={[Ie('\29:6- ','RH')]=23,[Ie('\v:\183\213/<\171\210','[U\196\188')]=mc[Ie(';\192@\25\235W','x\134\50')][Ie('CHZ','-')](209.42854299999999,21.135656399999998,3132.4709499999999,-0.99275690299999997,2.8890295300000002e-07,-0.12014045600000001,2.5959531100000001e-07,1,2.5959548099999999e-07,0.12014045600000001,2.26527291e-07,-0.99275690299999997),[Ie('<\a\f\28','\127h')]=25,[Ie('\142E\19\22\5\244\174I5\29\16\255','\205\48ad\96\154')]=Ie('\234\243\159\157\180\231\150\218\247\136\150\174\164\140','\175\133\250\243\192\199\245'),[Ie('\232\129\211\30\230\183\189\238\207\149\201\3\225\177\138\238\211','\161\230\189q\148\210\254\129')]=true},[Ie('\189w\188\f\169\139\54\138\0\171','\255\22\207g\204')]={[Ie('(\155\3\140\21','g\233')]=24,[Ie('\164\183\53\152\128\177)\159','\244\216F\241')]=mc[Ie('s\193\177Q\234\166','0\135\195')][Ie('\207\196\214','\161')](199.386169,21.135656399999998,3133.67578,-0.99275690299999997,2.8890298200000002e-07,-0.12014045600000001,2.59595339e-07,1,2.5959542399999999e-07,0.12014045600000001,2.26527263e-07,-0.99275690299999997),[Ie('=X\rC','~7')]=500,[Ie('\167\187P\187{\207\135\183v\176n\196','\228\206\"\201\30\161')]=Ie('\144\54\232\203O\172(\160\50\255\192U\239\50','\213@\141\165;\140K'),[Ie('\176 \251\50\167x\156\175\151\52\225/\160~\171\175\139','\249G\149]\213\29\223\192')]=true},[Ie('q\231!\178\227\237\149tA\232<\191\166\218\210Q','4\134R\198\134\159\181\54')]={[Ie('n\246E\225S','!\132')]=25,[Ie('\197\162>\25\225\164\"\30','\149\205Mp')]=mc[Ie('\152t\166\186_\177','\219\50\212')][Ie('+ 2','E')](188.800049,21.135656399999998,3134.9265099999998,-0.99275690299999997,2.8890298200000002e-07,-0.12014045600000001,2.59595367e-07,1,2.59595396e-07,0.12014045600000001,2.2652722e-07,-0.99275690299999997),[Ie(' r\16i','c\29')]=2500,[Ie('\21b\134\155\55\172\53n\160\144\"\167','V\23\244\233R\194')]=Ie('{\192J\203\140etK\196]\192\150&n','>\182/\165\248E\23'),[Ie('\234\2\142\143\131\150WR\205\22\148\146\132\144\96R\209','\163e\224\224\241\243\20=')]=true},[Ie('a\177\25\51<0E\173X\0>9',')\212xEY^')]={[Ie('xXSOE','7*')]=26,[Ie('\234\186I\175\206\188U\168','\186\213:\198')]=mc[Ie('\243\131\t\209\168\30','\176\197{')][Ie('\234\225\243','\132')](179.20648199999999,21.135656399999998,3136.0595699999999,-0.99275690299999997,2.8890295300000002e-07,-0.12014045600000001,2.5959531100000001e-07,1,2.5959545299999999e-07,0.12014045600000001,2.26527263e-07,-0.99275690299999997),[Ie('\161\3\145\24','\226l')]=7500,[Ie('\234\184U\155\160\v\202\180s\144\181\0',"\169\205\'\233\197e")]=Ie('\220\19\171\188\166]y\236\23\188\183\188\30c','\153e\206\210\210}\26'),[Ie('\155\172\26\25\231,g\141\188\184\0\4\224*P\141\160','\210\203tv\149I$\226')]=true},[Ie('\183=GB\23\187\171\133\50[RA\155\190\145','\246S)+a\222\217')]={[Ie('\134\217\173\206\187','\201\171')]=27,[Ie('AS\235\54eU\247\49','\17<\152_')]=mc[Ie('\1N(#e?','B\bZ')][Ie('\1\n\24','o')](2444.7214399999998,3161.02612,852.37481700000001,-0.58069765600000001,0,-0.81411927900000003,0,1,0,0.81411927900000003,0,-0.58069765600000001),[Ie('\187\145\139\138','\248\254')]=415,[Ie('\170\224\96\236n\131\138\236F\231{\136','\233\149\18\158\v\237')]=Ie('W\216}\206','\16\189'),[Ie('\31ea\3\129\227\147\138\56q{\30\134\229\164\138$','V\2\15l\243\134\208\229')]=false}},{[Ie('1w\171usw\0m\185:Nm\1','e\31\206U<\1')]={[Ie('h\26C\rU',"\'h")]=1},[Ie('XO\5\167V n>5v\n\188P%j(p','\21&k\206\49A\3[')]={[Ie('BUiB\127',"\r\'")]=2},[Ie('Kw\197\127y8A\214{d','\24\18\179\26\23')]={[Ie('\136c\163t\181','\199\17')]=3}},{[Ie('\247\216\200u\228\173\170\214~\130\140\221\196\203h\170\129\178\198)\184\155','\190\182\174\28\138\196\222\175Q\209\233')]={[Ie('>\174\21\185\3','q\220')]=1,[Ie('\195\152\235\146\239','\138\245')]=Ie("\'\191\21\135~\227R[\27\164\135\56\232b\239Y\222\53\162\15\30E\248\141/\242c",'U\221m\230\r\144\55/r\192\189\23\199')},[Ie('\146\183\1\201\143\146\173\f\199\220','\192\194o\172\175')]={[Ie('\158i\181~\163','\209\27')]=2,[Ie('7\248\31\242\27','~\149')]=Ie('\170S\168\221\169F\188\17\232r{ga\225\0\232\137\234\1\225T\185$q||\239','\216\49\208\188\218\53\217e\129\22AHN')},[Ie('\203\207s%D\130!\219\213k2_\148m','\152\167\18A+\245\1')]={[Ie('4T\31C\t','{&')]=3,[Ie('SM{G\127','\26 ')]=Ie('\143\131E\179\235l\172!\193\237+\138P\198\205\213\v\229\172)\248b\144\185)\145L\207','\253\225=\210\152\31\201U\168\137\17\165\127\247')},[Ie('\191\128\130\251\51\219\161\143\251,\159','\251\242\231\154^')]={[Ie('\226R\201E\223','\173 ')]=4,[Ie('\233\147\193\153\197','\160\254')]=Ie('\6\196\196\190\216\190\153J\224\169\128\53\156\56F\159\143\230\155\250\205\6\186\253\143\"\131\49','t\166\188\223\171\205\252>\137\205\186\26\179\t')},[Ie('qg\204\150\3v\138Dt\206\158\b\56\184','6\21\169\243mV\204')]={[Ie('\231\204\204\219\218','\168\190')]=5,[Ie('Y\227q\233u','\16\142')]=Ie('f%\163\219\209\135\202f,\181\247\156\147\n$s\238\143\149\193\154+t\226\249\131\142\t','\20G\219\186\162\244\175\18E\209\205\179\188;')}},{[Ie('\214\219(;\203\223(x\238','\134\190\\\27')]={[Ie('\138\b\161\31\183','\197z')]=1,[Ie('vK\195\14RM\223\t','&$\176g')]=mc[Ie('/[\22\rp\1','l\29d')][Ie('\231\236\254','\137')](9909.4902299999994,2907.40771,225.727768,-0.99770516200000003,2.7657637199999997e-07,-0.067708164500000001,2.59595367e-07,1,2.5959545299999999e-07,0.067708164500000001,2.4142301000000001e-07,-0.99770516200000003),[Ie('\185H\137S',"\250\'")]=5000},[Ie('G\211\19\18\189A\193\2\a\237a','\4\178af\157')]={[Ie('F\220m\203{','\t\174')]=2,[Ie('\169\152\217\183\141\158\197\176','\249\247\170\222')]=mc[Ie('\219\157\248\249\182\239','\152\219\138')][Ie('\27\16\2','u')](9901.24316,7681.2260699999997,254.462311,-0.955711961,-3.24498387e-07,0.29430365600000002,-2.5959542399999999e-07,1,2.5959559499999998e-07,-0.29430365600000002,1.7169873000000001e-07,-0.955711961),[Ie('\200\156\248\135','\139\243')]=200000},[Ie('z]>\203\248\bq0\197\251','(2\\\164\140')]={[Ie(',\160\a\183\17','c\210')]=3,[Ie('\139G\198\v\175A\218\f','\219(\181b')]=mc[Ie('\3\248\156!\211\139','@\190\238')][Ie('\192\203\217','\174')](9888.1279300000006,13409.247100000001,261.94576999999998,-0.99999755599999995,-2.6017173100000001e-07,0.0022217128399999999,-2.5959562300000003e-07,1,2.5959553799999998e-07,-0.0022217128399999999,2.5901815100000002e-07,-0.99999755599999995),[Ie('\29\177-\170','^\222')]=2500000},[Ie('|i\144,S\20T\129;UG','4\16\224I!')]={[Ie('\169\213\130\194\148','\230\167')]=4,[Ie('\188\4c\155\152\2\127\156','\236k\16\242')]=mc[Ie('\t\132\21+\175\2','J\194g')][Ie('\161\170\184','\207')](9860.1914099999995,20089.099600000001,254.75614899999999,-0.76200717699999998,3.6591973200000002e-07,0.64756858299999998,2.5959570800000002e-07,1,-2.5959556599999998e-07,-0.64756858299999998,-2.9707671000000001e-08,-0.76200717699999998),[Ie('=\176\r\171','~\223')]=5000000}},{[Ie('\194\147\244\139','\135\242')]={[Ie('=j\22}\0','r\24')]=1},[Ie('\208(\244\244\56\253','\157M\144')]={[Ie('\237\236\198\251\208','\162\158')]=2},[Ie('\152Q\162T','\208\48')]={[Ie('6{\29l\v','y\t')]=3},[Ie('\212\130\n\252\130\28','\157\236y')]={[Ie('~\143U\152C','1\253')]=4}},{[Ie('\195\53V\253\214\50C\184','\130[/\221')]={[Ie('\234\194\193\213\215','\165\176')]=1,[Ie('\169\213\129\223\133','\224\184')]=Ie('\165w\167P6\238\96\163|\187\vj\178\53','\215\21\223\49E\157\5')},[Ie('\171\128\246\254\163\205\201\155\206\213\251\164\220\212\144','\226\238\144\151\205\164\189')]={[Ie('R\248y\239o','\29\138')]=3,[Ie('\232\18\192\24\196','\161\127')]=Ie('N8\222\185\199\158\177\177\18c\234\184\15\vh\146\224\140\223\236\244L?\224\175\21\n','<Z\166\216\180\237\212\197{\a\208\151 ')}},{[Ie('\205','\253')]={[Ie('}\29V\n@','2o')]=1},[Ie('_','n')]={[Ie('\234\151\193\128\215','\165\229')]=2},[Ie('\132','\182')]={[Ie('9\171\18\188\4','v\217')]=3},[Ie('\149','\166')]={[Ie('F\178m\165{','\t\192')]=4},[Ie('\130','\182')]={[Ie('\220\148\247\131\225','\147\230')]=5},[Ie('\139','\190')]={[Ie('\249d\210s\196','\182\22')]=6}},{[Ie('n\163\14\29\18D\243\"\17\16','=\211gvw')]={[Ie('\158b\187a\173','\201\r')]=Ie('\138\215\2\22\179J\187\205\16Y\142P\186','\222\191g6\252<')},[Ie('l:ug@{WmF','![\18\n')]={[Ie('%\171\0\168\22','r\196')]=Ie("\134\22\197\57\243\'\183\f\215v\206=\182",'\210~\160\25\188Q')},[Ie('\a\173\3\25\131%\179Z/\144#','D\223zj\247')]={[Ie('\144\188\181\191\163','\199\211')]=Ie('\220\141\156X\186\198\237\151\142\23\135\220\236','\136\229\249x\245\176')},[Ie('\r\142~\159\51\219U\153&','A\251\16\254')]={[Ie('\30\3;\0-