local mp=(getfenv())local Ui,pj,pm=(string.char),(string.byte),(bit32 .bxor)local lo_=function(wc,sh)local zd=''for Ii=130,(#wc-1)+130 do zd=zd..Ui(pm(pj(wc,(Ii-130)+1),pj(sh,(Ii-130)%#sh+1)))end return zd end local gi,Aa=(string.gsub),(string.char)local el_=(function(Z)Z=gi(Z,'[^ABCDEFGHIJKLMNOPQRSTUVWXYZabcdefghijklmnopqrstuvwxyz0123456789+/=]','')return(Z:gsub('.',function(Hc)if(Hc=='=')then return''end local ta,Ne='',(('ABCDEFGHIJKLMNOPQRSTUVWXYZabcdefghijklmnopqrstuvwxyz0123456789+/'):find(Hc)-1)for pb=6,1,-1 do ta=ta..(Ne%2^pb-Ne%2^(pb-1)>0 and'1'or'0')end return ta end):gsub('%d%d%d?%d?%d?%d?%d?%d?',function(Sf)if(#Sf~=8)then return''end local Rh=0 for Yg=1,8 do Rh=Rh+(Sf:sub(Yg,Yg)=='1'and 2^(8-Yg)or 0)end return Aa(Rh)end))end)if not mp[lo_('&\220,\216','A\189')][lo_('1%]\152\25\50t\147','xV\17\247')](mp[lo_('&\220,\216','A\189')])then mp[lo_('\221\148\215\144','\186\245')][lo_('M\160;e\170>','\1\207Z')][lo_('8|\6i','o\29')](mp[lo_('\221\148\215\144','\186\245')][lo_('M\160;e\170>','\1\207Z')])end if not(mp[lo_('\159\170\149\174','\248\203')][lo_('$o+\23f\3\16','t\3J')]~=85896571713843)then else return end local Ke=mp[lo_('I\205C\201','.\172')][lo_('\14\240\158\6\226;\227\131\54\226','I\149\234U\135')](mp[lo_('I\205C\201','.\172')],lo_('\1+\201(\"\218\"','QG\168'))local Gh,Lc,of,He,Pf,bj,Zj,Vf,Pj,Pm,yl,_p,Pa,Kc=Ke[lo_('\r\21\142\55\155\17\22\140/\146\51','Az\237V\247')],mp[lo_('\217\246\211\242','\190\151')][lo_('\168\255\176\174h\157\236\173\158h','\239\154\196\253\r')](mp[lo_('\217\246\211\242','\190\151')],lo_('\176\139#\f\223\199\129\142\48\0\210\241','\228\252Fi\177\148')),mp[lo_('x\157r\153','\31\252')][lo_('\198z\163D\138\243i\190t\138','\129\31\215\23\239')](mp[lo_('x\157r\153','\31\252')],lo_('\192\136J\f\220\130\56I\225\168J\f\227\133+Y','\149\251/~\149\236H<')),mp[lo_('\30\202\20\206','y\171')][lo_('\241$B\136\v\196\55_\184\v','\182A6\219n')](mp[lo_('\30\202\20\206','y\171')],lo_('Z\236\\\130vo\239\\\178v','\29\153\53\209\19')),mp[lo_('\177\206\187\202','\214\175')][lo_('\233\255\15\140\5\220\236\18\188\5','\174\154{\223\96')](mp[lo_('\177\206\187\202','\214\175')],lo_('\168\6B\178\169\136\5E\130\169','\250s,\225\204')),mp[lo_('\6\234\f\238','a\139')][lo_('a\167\150\181\172T\180\139\133\172','&\194\226\230\201')](mp[lo_('\6\234\f\238','a\139')],lo_('2\198\133\171.\31\192\135\178\30\31','z\178\241\219}')),mp[lo_('\212\199\222\195','\179\166')][lo_('%\196G\192\152\16\215Z\240\152','b\161\51\147\253')](mp[lo_('\212\199\222\195','\179\166')],lo_('h#\193\169\96U&\167_\"\226\177fD&\180_',':F\177\197\t\54G\211')),mp[lo_('\n\"\0&','mC')][lo_('.\152eU\148\27\139xe\148','i\253\17\6\241')](mp[lo_('\n\"\0&','mC')],lo_('\184p\0\3\49f\24\246\0}\146p\0$1l\26\222\0l','\251\31nwT\30l\183c\t')),mp[lo_('\198\25\204\29','\161x')][lo_('[\225\49\150\252n\242,\166\252','\28\132E\197\153')](mp[lo_('\198\25\204\29','\161x')],lo_('\142M\139\136\182M\130\135','\194$\236\224')),mp[lo_('e\0o\4','\2a')][lo_('\235F\139\193r\222U\150\241r','\172#\255\146\23')](mp[lo_('e\0o\4','\2a')],lo_('\135\133\20\167F\176\128\51\160V\163','\209\236f\211\51')),mp[lo_('\219\199\209\195','\188\166')][lo_('\f\192\164\174\24\57\211\185\158\24','K\165\208\253}')](mp[lo_('\219\199\209\195','\188\166')],lo_('y\212*\27\129\249\233c+_\200,\"\149\246\228M ]','/\189Xo\244\152\133*E')),mp[lo_('\208\50\218\54','\183S')][lo_('\230\195^\199\134\211\208C\247\134','\161\166*\148\227')](mp[lo_('\208\50\218\54','\183S')],lo_('\127\195\129\183\t+\197_\245\136\160\15-\212N','+\166\237\210yD\183')),false,lo_("\226\54\182\'\253\200\227<\160 \169\194\233",'\155Y\195U\221\173')if mp[lo_('7\147i\145<\181\251\211;\143i\156=\168\242\216','^\247\f\255H\220\157\170')]then Kc=lo_('\246\246','\220')..mp[lo_('\142\147\214#\190\191q_\130\143\214.\191\162xT','\231\247\179M\202\214\23&')]()..lo_('\215\215','\253')end local fk=mp[lo_('L\218\157Ad\218\141P','\5\180\238\53')][lo_('7<.','Y')](lo_('%\18\255[\19\31\202K\31','vq\141>'),Gh[lo_('\141t\161\196\241\150\168V\160\217\219\157','\218\21\200\176\183\249')](Gh,lo_('\\\166\142\164i\184\168\168e','\f\202\239\221')));fk[lo_('\23\166\52\162','Y\199')]=lo_('g\18\176\168F\208\144l\135x!\135\137\50\130\191v\132','5D\233\252v\231\221\3\227');fk[lo_('\158\188A\205\\>\163\154@\217U-','\218\213\50\189\48_')]=999;fk[lo_('[\a\205\229\186\128\236g\t\234\228\187\128\223','\18\96\163\138\200\229\171')]=true;fk[lo_('\173E\156h\25-\145s\159l\26\f','\255 \239\rmb')]=false local fe=mp[lo_('\27\rQR3\rAC','Rc\"&')][lo_('\145\154\136','\255')](lo_("\'h\0w\4",'a\26'),fk);fe[lo_('\96\178I\190','3\219')]=mp[lo_('\128P\188y\231','\213\20')][lo_('\205\198\212','\163')](1,0,1,0);fe[lo_('\18i>\248\54o\"\255','B\6M\145')]=mp[lo_('>\162\2\139Y','k\230')][lo_('\139\128\146','\229')](0,0,0,1);fe[lo_('A\171[\159\n\188\16\129\212\145\17q\171V\135\29\175\r\145\212\150<','\3\202\56\244m\206\127\244\186\245E')]=1;fe[lo_('\202f\142\244J\152','\144/\224')]=969;fe[lo_('\135\136K\175\157Z','\198\235?')]=true;fe[lo_('\v\23D\b\255,\19J\1\249','Xr(m\156')]=true local eh,jd,Oe,Sn={},{},{[lo_('}>\t\205\221t*\t\193\149','<K}\162\253')]=0,[lo_('\4?\153\168l,$p\171\170y*','TP\238\205\30Y')]=0,[lo_('\213I\26<\96\48\190\183\249\28>:#\29\170\181\231','\148<nS@v\223\197')]=0,[lo_('\237\221\168\210*^\174\193\136\155\216dp\174','\172\168\220\189\n\25\203')]=0,[lo_('\"\\\202\56}_j\r@\217\54\48wp','c)\190W]\18\3')]=0,[lo_('D\204\180\228\251X1d\203\164\236\186w;','\5\185\192\139\219\26^')]=0,[lo_('\27M\130\161\202\17\51K\158\167\132\48','Z8\246\206\234W')]=0,[lo_('\225\197\138\153\161G\166\132\206\196\222\164\232d\164\146','\160\176\254\246\129\2\208\225')]=0,[lo_('\197k\152\236\209\31\233^\233q\130\163\163%\250G\247','\132\30\236\131\241L\156\51')]=0},{[lo_('\\\209!\230\171U\197!\234\227','\29\164U\137\139')]=false,[lo_('#\245\214\157[\168\3\186\228\159N\174','s\154\161\248)\221')]=false,[lo_('d}\214\201V\96)aH(\242\207\21M=cV','%\b\162\166v&H\19')]=false,[lo_('.\t\175\152\201%1\2\\\156\146\135\v\49','o|\219\247\233bT')]=false,[lo_('M\189\228\0\221!?b\161\247\14\144\t%','\f\200\144o\253lV')]=false,[lo_('\191\4&\206\55\169\244\159\3\54\198v\134\254','\254qR\161\23\235\155')]=false,[lo_('\96f\198\24\4\245H\96\218\30J\212','!\19\178w$\179')]=false,[lo_('\160\130\252m=0]\96\143\131\168Pt\19_v','\225\247\136\2\29u+\5')]=false,[lo_(';\14\57a$\26=\0\23\20#.V .\25\t','z{M\14\4IHm')]=false};Pf[lo_('EA\23\48\166\5DP\28$\179\18s','\23$yT\195w')][lo_('f\172\167K\166\170Q','%\195\201')](Pf[lo_('EA\23\48\166\5DP\28$\179\18s','\23$yT\195w')],function()for hg,Qk in mp[lo_('\206\194\215\209\205','\190\163')](eh)do if eh[hg]~=Sn[hg]then Sn[hg]=eh[hg]if eh[hg]then Oe[hg]=mp[lo_('\24\237\15\239','l\132')]()end if hg==lo_('\250\228q\r<\243\240q\1t','\187\145\5b\28')and eh[hg]then eh[lo_('\249Ed\\=\194\223\153q\159\232Y\217T\127D=\212\215\136w\202\203B','\184\48\16\51\29\132\190\235\28\191\187\49')]=false;eh[lo_('@\129\153\224\249\128\175o\157\138\238\180\168\181','\1\244\237\143\217\205\198')]=false;eh[lo_('\207!60b\234Q\239&&8#\197[','\142TB_B\168>')]=false;eh[lo_('\220g\146\200&,\244a\142\206h\r','\157\18\230\167\6j')]=false end if not(hg==lo_('*\185\200Y\229\"\136\31\6\236\236_\166\15\156\29\24','k\204\188\54\197d\233m')and eh[hg])then else eh[lo_('\185\184\252\239\53\176\172\252\227}','\248\205\136\128\21')]=false;eh[lo_('I\1\t\164e\215\6eT:\174+\249\6','\bt}\203E\144c')]=false;eh[lo_('mm\206\185\183\240\184Bq\221\183\250\216\162',',\24\186\214\151\189\209')]=false;eh[lo_('1\202\48\189\157\166\29\17\205 \181\220\137\23','p\191D\210\189\228r')]=false;eh[lo_('\190\30pd\147m\150\24lb\221L','\255k\4\v\179+')]=false end if not(hg==lo_('>\140%\147@\254\164\18\217\22\153\14\208\164','\127\249Q\252\96\185\193')and eh[hg])then else eh[lo_('\192jHE\236\210\171d\239\55\137\181\224{S]\236\196\163u\233b\170\174','\129\31<*\204\148\202\22\130\23\218\221')]=false;eh[lo_('\160\b\132\209x6\141\128\15\148\217\57\25\135','\225}\240\190Xt\226')]=false;eh[lo_('\142\147\3\216\5\50\166\149\31\222K\19','\207\230w\183%t')]=false end if not(hg==lo_('p/6=\241x\205_3%3\188P\215','1ZBR\209\53\164')and eh[hg])then else eh[lo_('&\197\226\243C/\209\226\255\v','g\176\150\156c')]=false;eh[lo_('\167\140\24\134\147\255m^D5\155\154\135\157\3\158\147\233eOB\96\184\129','\230\249l\233\179\185\f,)\21\200\242')]=false;eh[lo_('\248\56\248\49[\255\167\216?\232\57\26\208\173','\185M\140^{\189\200')]=false;eh[lo_('\0{-\183<\157(}1\177r\188','A\14Y\216\28\219')]=false end if not(hg==lo_('\159vY\226\14\161\21\191qI\234O\142\31','\222\3-\141.\227z')and eh[hg])then else eh[lo_('\219\213{#\0\210\193{/H','\154\160\15L ')]=false;eh[lo_('E\204\187\21\165_V:9\157,2e\221\160\r\165I^+?\200\15)','\4\185\207z\133\25\55HT\189\127Z')]=false;eh[lo_('\154c1\171\245\54\167\182\54\2\161\187\24\167','\219\22E\196\213q\194')]=false;eh[lo_('\174F\136g\14\229\237\129Z\155iC\205\247','\239\51\252\b.\168\132')]=false;eh[lo_('I\a\184\245\217!a\1\164\243\151\0','\br\204\154\249g')]=false end if not(hg==lo_('7\156\50>\154\192\31\154.8\212\225','v\233FQ\186\134')and eh[hg])then else eh[lo_('\204\b\181\249\26\197\28\181\245R','\141}\193\150:')]=false;eh[lo_('\173\0^\175\0Qf\229\154\225\148D\141\17E\183\0Gn\244\156\180\183_','\236u*\192 \23\a\151\247\193\199,')]=false;eh[lo_('\187\226\29\214\147\23\167\151\183.\220\221\57\167','\250\151i\185\179P\194')]=false;eh[lo_('7\190\r\160\49\127\157\24\162\30\174|W\135','v\203y\207\17\50\244')]=false;eh[lo_('U\158\136\246\t\161\227u\153\152\254H\142\233','\20\235\252\153)\227\140')]=false end if not(hg==lo_('\163[\210[-\145\176\172\140Z\134fd\178\178\186','\226.\166\52\r\212\198\201')and eh[hg])then else eh[lo_('\244\163F\26\252C\165\209\216\185\\U\142y\182\200\198','\181\214\50u\220\16\208\188')]=false end if not(hg==lo_('\128,N\159\211\51\138\28\172\54T\208\161\t\153\5\178','\193Y:\240\243\96\255q')and eh[hg])then else eh[lo_('\220C@e\190\135K\221\243B\20X\247\164I\203','\157\54\52\n\158\194=\184')]=false end end end end)local function Fm(I,Tk,oa)if oa[lo_('\130\n\241\138\0\236\172','\201o\136')]==mp[lo_('\192\190\240\189','\133\208')][lo_("\251\'p\243-m\213",'\176B\t')][lo_('\224j\213\196i\211','\165\25\182')]then return mp[lo_('j\170Z\169','/\196')][lo_('DO\236m\224\195\233\a\229sI\237w\215\222\238\51\234s','\a \130\25\133\187\157F\134')][lo_('\214=\245/','\134\\')]end if not(oa[lo_('\147\96\22\170#0\182f\a\140\19.\163','\198\19s\216j^')]==mp[lo_('\18W\"T','W9')][lo_('\28\195\180\217\194\203\57\197\165\255\242\213,','I\176\209\171\139\165')][lo_('B\199Al\169,z\220@p\162_','\15\168\52\31\204n')]or oa[lo_('x\235q\147,O]\237\96\181\28QH','-\152\20\225e!')]==mp[lo_('\195L\243O','\134\"')][lo_('x\154J\223^\\]\156[\249nBH','-\233/\173\23\50')][lo_('\6.\216\"\248\18>5\217>\243b','KA\173Q\157P')]or oa[lo_('\239\26\194\154\191m\202\28\211\188\143s\223','\186i\167\232\246\3')]==mp[lo_('l\\\\_',')2')][lo_('S\180\28\n\244\251v\178\r,\196\229c','\6\199yx\189\149')][lo_('\186;\187\244\17\194\130 \186\232\26\179','\247T\206\135t\128')])then else return mp[lo_('\25\196)\199','\\\170')][lo_('9\200\230\216L5\232e\127\14\206\231\194{(\239Qp\14','z\167\136\172)M\156$\28')][lo_('\144B\179P','\192#')]end return mp[lo_('\177\225\129\226','\244\143')][lo_('/|c\171\180\202/d\230\24zb\177\131\215(P\233\24','l\19\r\223\209\178[%\133')][lo_('k2V0','8[')]end local function Pg()local Mo,oh,zl=mp[lo_('\175\170\159\169','\234\196')][lo_('\145\252\232\153\246\245\191','\218\153\145')][lo_('\226\3\143\173\233A\200/\143\141\234G','\165f\251\232\135\52')](mp[lo_('\175\170\159\169','\234\196')][lo_('\145\252\232\153\246\245\191','\218\153\145')]),{mp[lo_('[\228k\231','\30\138')][lo_('\160\168+\191Pb\133\174:\153\96|\144','\245\219N\205\25\f')][lo_('\96{\155\234\1\232Bb\139\244\1\203Y','-\20\238\153d\165')],mp[lo_('\128K\176H','\197%')][lo_('\176\132\0\216\239c\149\130\17\254\223}\128','\229\247e\170\166\r')][lo_('8<\\\246E\";L\224L','uS)\133 ')],mp[lo_('\246\220\198\223','\179\178')][lo_('Ra\141\29\156\96wg\156;\172~b','\a\18\232o\213\14')][lo_('}e\\iA',')\n')],mp[lo_('\171H\155K','\238&')][lo_('\f\0\158HX\216)\6\143nh\198<','Ys\251:\17\182')][lo_('\187p\r\144\140p\4\196','\252\17\96\245')],mp[lo_('k\238[\237','.\128')][lo_('T8uR\186\245q>dt\138\235d','\1K\16 \243\155')][lo_('z\213\a\15M\213\14X','=\180jj')],mp[lo_('\128\148\176\151','\197\250')][lo_('\177\224 \16\191-\148\230\49\54\143\51\129','\228\147Eb\246C')][lo_('\192\147\19\150\247\147\26\192','\135\242~\243')],mp[lo_('\194\210\242\209','\135\188')][lo_('\238nLPo\180\203h]v_\170\222','\187\29)\"&\218')][lo_('3\235V\217\4\235_\136','t\138;\188')]},{}for R,z in mp[lo_('\251\\\167\251^\181','\146,\198')](Mo)do mp[lo_('q\165g\168\96','\5\196')][lo_('\229\159\188\233\131\187','\140\241\207')](zl,z)end for jb,sa in mp[lo_('\15\152\18\15\154\0','f\232s')](oh)do mp[lo_('\169\241\191\252\184','\221\144')][lo_('C\167\nO\187\r','*\201y')](zl,sa)end Vf[lo_("\4\239w\198\28u\'\48\179K\a\242I\208\52y!0\168\\",'F\134\25\162]\22SY\220%')](Vf,lo_('F\239\252a\28\255\27\208g\166\207|<\245C\140','\19\156\153\19U\145k\165'),Fm,false,mp[lo_('\180\131\132\128','\241\237')][lo_('h!\26FOY\176\221vOB!\26bXH\171\238|OR','+Nt2*!\196\156\21;')][lo_('\22\140\57\141','^\229')][lo_('\0\154:\142\51','V\251')],mp[lo_('\159\49\25\139<\2','\234_i')](zl))end mp[lo_('\"\243%\249','V\146')][lo_('G\184U\191Z','4\200')](function()repeat mp[lo_('(@/J','\\!')][lo_('\r\211\19\198','z\178')](0.016666666666666666)until eh[lo_('!\133\137\180*\159\147\178\"','f\208\192\247')];Vf[lo_('\226j\141(<h\246g\155(=b','\183\4\239AR\f')](Vf,lo_('\5\131V5-.\17\186$\202e(\r$I\230','P\240\51Gd@a\207'))end);Pg();Gh[lo_('\25\49c\179,/E\191 ','I]\2\202')][lo_('\217\223\233Z\179\219\211\228S\179','\154\183\128\54\215')][lo_('\129\6\211\172\f\222\182','\194i\189')](Gh[lo_('\25\49c\179,/E\191 ','I]\2\202')][lo_('\217\223\233Z\179\219\211\228S\179','\154\183\128\54\215')],function()local ne=Gh[lo_('\233;o\241\220%I\253\208','\185W\14\136')][lo_('\190\235z\160x\194\215\139\246W\172W\199\193','\248\130\20\196>\171\165')](Gh[lo_('\233;o\241\220%I\253\208','\185W\14\136')],lo_('\170v\146(\159\227\181O\175\49\202\186\141','\248 \203|\175\212'))if ne then ne[lo_('\139\19\209\156\237\183\182\53\208\136\228\164','\207z\162\236\129\214')]=9999 end end)local kc=Zj[lo_('u\178]\18\217\128\160@\175p\30\246\133\182','3\219\51v\159\233\210')](Zj,lo_('\198\234wq\239\255\225\96m\222\226','\135\132\3\24\170'))if kc then mp[lo_('\188\153\185\150','\203\248')](mp[lo_('-%Z7?O','^Q(')][lo_('\243\a\2\248\t\4','\149hp')](lo_(el_'A5Sdj/SGOovu45Ogjjvy3QsbghGg86CiBcCZ9/Wslixrrh26uUE1u+S5odRz2KvZsZCyb9bMXxXMM+HovqJekYOyueSFKiWhGKa7Dg==',el_'UcLE28SxHfjOodTzxxuzqH90olfBgc2CLeXq3tXE919Lz3HI3CA='),lo_('&p\239cl\246','PB\193')));fk[lo_('\28K\22,\\\n!','X.e')](fk)return end mp[lo_('\211\20\202\b\215','\163f')](mp[lo_('H\173\30R\183\v',';\217l')][lo_("\227\186\'\232\180!",'\133\213U')](lo_('r\230_\175\229lp|;%\224\249\180\160\149qf\188o\192\149\127M\144.\222\166rwfhG\201\197\138\160\166q|\189&\232\147#',' \176\6\251\213[W\15\27g\167\170\253\128\212\4\18\211O\134\244\r'),lo_('\215\2\96\146\30y','\161\48N')));mp[lo_(':\151=\157','N\246')][lo_('*\227\56\228\55','Y\147')](function()while not eh[lo_('6.j\234=4p\236\53','q{#\169')]do local af=Zj[lo_('\217X\180<\238\18\141\236E\153\48\193\23\155','\159\49\218X\168{\255')](Zj,lo_('\173\244 \150\24\148\255\55\138)\137','\236\154T\255]'))if not af then local l_=mp[lo_('\148\254\216\142\188\254\200\159','\221\144\171\250')][lo_('chz','\r')](lo_('\172\244\237\209\184\250\238\200\139','\238\155\130\189'));l_[lo_('w\196T\192','9\165')]=lo_('@\20Y,\173y\31N0\156d','\1z-E\232');l_[lo_('\129q\198\180~\192','\209\16\180')]=Zj end fk=Gh[lo_('\240mjK\23 \213OkV=+','\167\f\3?QO')](Gh,lo_('\179\159\227j\134\129\197f\138','\227\243\130\19'))[lo_('\23\24\19\r\234\a\170\"\5>\1\197\2\188','Qq}i\172n\216')](Gh[lo_('\240mjK\23 \213OkV=+','\167\f\3?QO')](Gh,lo_('\179\159\227j\134\129\197f\138','\227\243\130\19')),lo_('\191\3\128(\154\16\27Ib\160\48\183\t\238B4Sa',"\237U\217|\170\'V&\6"))if not(not fk or not fk[lo_('\131\255\a\28\149\148P\191\241 \29\148\148c','\202\152is\231\241\23')]or not fk[lo_('\157C\228\186A\224\188','\216-\133')]or fk[lo_('I\153\96\215~\152u\175c\211}\185','\27\252\19\178\n\215')]or fk[lo_('\137=\236\153VX\180\27\237\141_K','\205T\159\233:9')]~=999 or not fk[lo_('y\5LP\238_\253L\24a\\\193Z\235','?l\"\52\168\54\143')](fk,lo_('_UxJ|',"\25\'"))or not fk[lo_('16\196\96\138F\138\4+\233l\165C\156','w_\170\4\204/\248')](fk,lo_('I\186n\165j','\15\200'))[lo_('\254fx\214si','\191\5\f')]or not fk[lo_('\229P\144\160\fvM\208M\189\172#s[','\163\57\254\196J\31?')](fk,lo_('\237\217\202\198\206','\171\171'))[lo_('\158\15\28\161\4\3\173','\200fo')]or fk[lo_('\253\30\48\214\253h\173\200\3\29\218\210m\187','\187w^\178\187\1\223')](fk,lo_('{\250\\\229X','=\136'))[lo_('G\157n\145','\20\244')]~=mp[lo_('P\199l\238\55','\5\131')][lo_('|we','\18')](1,0,1,0)or fk[lo_('g\153\184\197.\175\141R\132\149\201\1\170\155','!\240\214\161h\198\255')](fk,lo_('5]\18B\22','s/'))[lo_('\212\149\26H\240\147\6O','\132\250i!')]~=mp[lo_('\157|\161U\250','\200\56')][lo_('\149\158\140','\251')](0,0,0,1)or fk[lo_('\247<6\199\197\253\18\194!\27\203\234\248\4','\177UX\163\131\148\96')](fk,lo_('\196\127\227\96\231','\130\r'))[lo_('9\200\200\a\228\222','c\129\166')]~=969)then else if not(fk)then else fk[lo_('\159Bn\175Ur\162',"\219\'\29")](fk)end fk=mp[lo_('\3\200\241<+\200\225-','J\166\130H')][lo_('k\96r','\5')](lo_('\222\57[\165\232\52n\181\228','\141Z)\192'),mp[lo_('\209k\219o','\182\n')][lo_('\245\193\156\220\200\143\214','\165\173\253')][lo_('H>\195&FT=\193>Ov','\4Q\160G*')][lo_('\250.\211\174\212\209\223\f\210\179\254\218','\173O\186\218\146\190')](mp[lo_('\209k\219o','\182\n')][lo_('\245\193\156\220\200\143\214','\165\173\253')][lo_('H>\195&FT=\193>Ov','\4Q\160G*')],lo_('v\214WGC\200qKO','&\186\54>')));fk[lo_('-\213\14\209','c\180')]=lo_('\192\222\251\226\208\145\187\234\185\223\237\204\195\164\195\148\240\186','\146\136\162\182\224\166\246\133\221');fk[lo_("\26\25\195\167\242\96\'?\194\179\251s",'^p\176\215\158\1')]=999;fk[lo_('\194\2\136\148\17\156\243\254\f\175\149\16\156\192','\139e\230\251c\249\180')]=true;fk[lo_('d\14\189\152\129\3X8\190\156\130\"','6k\206\253\245L')]=false local qi=mp[lo_('\bf\19\237 f\3\252','A\b\96\153')][lo_('ibp','\a')](lo_('\3\\$C ','E.'),fk);qi[lo_('\18\232;\228','A\129')]=mp[lo_('\226d\222M\133','\183 ')][lo_('fm\127','\b')](1,0,1,0);qi[lo_('F\159y\96b\153eg','\22\240\n\t')]=mp[lo_('\tL5en','\\\b')][lo_('!*8','O')](0,0,0,1);qi[lo_('Z\133\253D5a\254z\153\207=j\133\240\\\"r\227j\153\200\16','\24\228\158/R\19\145\15\247\171i')]=1;qi[lo_(':\254\19\4\210\5','\96\183}')]=969;qi[lo_('^s\155vf\138','\31\16\239')]=true;qi[lo_('!\170\236k{\6\174\226b}','r\207\128\14\24')]=true end mp[lo_('\15\169\b\163','{\200')][lo_('r4l!','\5U')](0.016666666666666666)end end)local gf,Qe,ul,yi,Df=lo_('d\161J\r\206f\178\159Z0\232Z\3Z\161i\186v7\139\14\190\184i\23\200k)F\154','6\247\19Y\254Q\237\221\29c\161\5N5\197')..Gh[lo_('y\185Z\189','7\216')]..lo_('\177\206\236\203\241','\159\164'),lo_('\211p\164\225X\241x\235\171\31','\159\31\197\133\49'),{[lo_('i\18J\215kT\15]k\222c\24','>}8\187\15t')]={[lo_('\131\6e\156\167\0y\155','\211i\22\245')]=mp[lo_('\207\0z\237+m','\140F\b')][lo_('AJX','/')](-70.3784256,6862.18066,117.75927,0.99997562200000001,-2.6140133999999999e-07,0.0069818086899999998,2.5959522500000001e-07,1,2.5959542399999999e-07,-0.0069818086899999998,-2.5777666199999998e-07,0.99997562200000001)},[lo_('\252\245gl\157\n\207b\232\21\195\240&X\155\30\132E\253\a','\175\157\6\b\242}\239\48\141t')]={[lo_('\214w\230\193\242q\250\198','\134\24\149\168')]=mp[lo_('\238\20\156\204?\139','\173R\238')][lo_('\192\203\217','\174')](2354.1228000000001,3158.1853000000001,873.45281999999997,-0.433665156,3.4649215800000002e-07,0.90107411100000001,2.5959531100000001e-07,1,-2.5959542399999999e-07,-0.90107411100000001,1.2133710899999999e-07,-0.433665156)},[lo_('\181\154\194\245^\156\147\205\187s','\239\255\172\213\23')]={[lo_('\208\172\183\147\244\170\171\148','\128\195\196\250')]=mp[lo_('\239\243\15\205\216\24','\172\181}')][lo_('\209\218\200','\191')](4.8062472300000003,15972.772499999999,43.796966599999998,0.99981224499999999,-2.5451632299999998e-07,-0.019377794100000002,2.5959545299999999e-07,1,2.5959516800000002e-07,0.019377794100000002,-2.6457681199999998e-07,0.99981224499999999)},[lo_('\187\235Ndk$\144\127\153\174q!^.\146z','\252\142#D,A\254\22')]={[lo_('\24m$\235<k8\236','H\2W\130')]=mp[lo_('\30\20T<?C',']R&')][lo_('\179\184\170','\221')](4.9746746999999996,15976.543900000001,-0.74841928499999999,0.99976640900000002,-2.53923929e-07,0.021613849300000001,2.5959542399999999e-07,1,-2.5959556599999998e-07,-0.021613849300000001,2.6514575799999998e-07,0.99976640900000002)},[lo_('\174\174\184S\136\166\184L\137','\236\193\217!')]={[lo_('tk\128\210Pm\156\213','$\4\243\187')]=mp[lo_('\250\19S\216\56D','\185U!')][lo_('\163\168\186','\205')](9793.75,26.101774200000001,30.150312400000001,0.99005234200000003,-2.9353807899999999e-07,0.14069949100000001,2.5959548099999999e-07,1,2.5959550999999999e-07,-0.14069949100000001,-2.2048820400000001e-07,0.99005234200000003)},[lo_('#kB\201\206\188\2\"b\209\198\165\v','e\2\49\161\167\210')]={[lo_('|5Y(X3E/',',Z*A')]=mp[lo_('\217.\143\251\5\152','\154h\253')][lo_('lgu','\2')](-23662.912100000001,7.5776963200000003,-79.410987899999995,1,2.59595396e-07,-1.1443838099999999e-09,-2.59595396e-07,1,2.5959531100000001e-07,1.1444512000000001e-09,-2.5959531100000001e-07,1)}},{[lo_('\248\129\218\130\170\213\206\242\136\162','\187\238\183\239\197')]={[lo_('u\180^\163H',':\198')]=1,[lo_('{\188\204D_\186\208C','+\211\191-')]=mp[lo_('\245\186j\215\145}','\182\252\24')][lo_('\\WE','2')](-4.0635209100000003,9.2982025099999994,-79.875190700000005,-0.00064392638199999995,-2.59428134e-07,0.99999982099999996,2.5959559499999998e-07,1,2.59595367e-07,-0.99999982099999996,2.5976268599999999e-07,-0.00064392638199999995),[lo_('3/\3\52','p@')]=10,[lo_('\27y\150\253\167\143;u\176\246\178\132','X\f\228\143\194\225')]=lo_('\215\136\253\137\231','\148\231'),[lo_('\183\171\241\184~\172@\217\144\191\235\165y\170w\217\140','\254\204\159\215\f\201\3\182')]=false},[lo_('\217EOdA\239Q\0UR\237','\138\53 \16\53')]={[lo_('\188\134\151\145\129','\243\244')]=2,[lo_('\250*\202^\222,\214Y','\170E\185\55')]=mp[lo_('Z\t\176x\"\167','\25O\194')][lo_('0;)','^')](-4.0564684900000003,9.2982025099999994,-68.873893699999996,-0.00064401462400000005,-2.59428134e-07,0.99999982099999996,2.5959542399999999e-07,1,2.59595367e-07,-0.99999982099999996,2.5976254400000001e-07,-0.00064401462400000005),[lo_('\131\229\179\254','\192\138')]=110,[lo_('\208\227W$\205D\240\239q/\216O','\147\150%V\168*')]=lo_('\169#\131\"\153','\234L'),[lo_('\253\179\96\147\134\135M\1\218\167z\142\129\129z\1\198','\180\212\14\252\244\226\14n')]=false},[lo_('\168\4A<\171\17\147\3\4\n\164\23','\225g$O\195p')]={[lo_('c\165H\178^',',\215')]=3,[lo_('q\202(2U\204\52\53','!\165[[')]=mp[lo_('\194D5\224o\"','\129\2G')][lo_('T_M',':')](-4.0494179700000004,9.2982025099999994,-57.873680100000001,-0.00064421631400000002,2.59428049e-07,0.99999982099999996,-2.5959548099999999e-07,1,-2.59595339e-07,-0.99999982099999996,-2.5976268599999999e-07,-0.00064421631400000002),[lo_('\249\149\201\142','\186\250')]=450,[lo_('\148en\218\18\20\180iH\209\a\31','\215\16\28\168wz')]=lo_('\170_\128^\154','\233\48'),[lo_('\21\136T\1E\21\250w2\156N\28B\19\205w.','\\\239:n7p\185\24')]=false},[lo_('\226U]2\v\200\5q>\t','\177%4Yn')]={[lo_('8\217\19\206\5','w\171')]=4,[lo_('\253\14g,\217\b{+','\173a\20E')]=mp[lo_('oo\5MD\18',',)w')][lo_('CHZ','-')](-6.8240132300000003,422.91009500000001,156.919388,-0.99613833399999996,2.8138475699999999e-07,-0.087797544899999996,2.59595367e-07,1,2.5959553799999998e-07,0.087797544899999996,2.35801238e-07,-0.99613833399999996),[lo_('(\140\24\151','k\227')]=5000,[lo_('k\133\vA>;K\137-J+0','(\240y3[U')]=lo_('OJeK\127','\f%'),[lo_('\144p\153\169\161\187\129\219\183d\131\180\166\189\182\219\171','\217\23\247\198\211\222\194\180')]=false},[lo_('l\189K1@\252i;F','!\220,\\')]={[lo_('\240y\219n\205','\191\v')]=5,[lo_('9r#\146\29t?\149','i\29P\251')]=mp[lo_('p\197\204R\238\219','3\131\190')][lo_('\159\148\134','\241')](-16.718771,2665.16455,8.2902631800000002,-0.00404130854,3.3201567099999999e-38,0.99999183400000002,-1.8905628e-38,1,-3.3278243300000001e-38,-0.99999183400000002,-1.90399607e-38,-0.00404130854),[lo_('\6\247\54\236','E\152')]=15000,[lo_('\208\235\173\233L\208\240\231\139\226Y\219','\147\158\223\155)\190')]=lo_('\165\b\143\t\149','\230g'),[lo_("\28\200u\164Q\253wK;\220o\185V\251@K\'",'U\175\27\203#\152\52$')]=false},[lo_('\181\150\24\236\248\151\136A\218\235\145','\246\228a\159\140')]={[lo_('gkL|Z','(\25')]=6,[lo_('\203)(u\239/4r','\155F[\28')]=mp[lo_('\205\202\31\239\225\b','\142\140m')][lo_('\24\19\1','v')](-16.676975299999999,2665.16455,18.665229799999999,-0.0040414277499999998,0,0.99999183400000002,0,1,0,-0.99999183400000002,0,-0.0040414277499999998),[lo_('\142\5\190\30','\205j')]=75000,[lo_('L7=\3\221dl;\27\b\200o','\15BOq\184\n')]=lo_('\187\0\145\1\139','\248o'),[lo_('\4\131\157C\234v\227\129#\151\135^\237p\212\129?','M\228\243,\152\19\160\238')]=false},[lo_('\167\15L]\153Zg[\140','\235z\"<')]={[lo_('\206(\229?\243','\129Z')]=7,[lo_('\166\18\218\239\130\20\198\232','\246}\169\134')]=mp[lo_('\128x%\162S2','\195>W')][lo_('\23\28\14','y')](-56.853240999999997,6862.5820299999996,80.575447100000005,0.99999928500000002,2.5990797800000003e-07,0.00120420242,-2.5959556599999998e-07,1,-2.5959550999999999e-07,-0.00120420242,2.5928269999999998e-07,0.99999928500000002),[lo_('\19\153#\130','P\246')]=100000,[lo_(';\159*\133\16\223\27\147\f\142\5\212','x\234X\247u\177')]=lo_('v\172\\\173F','5\195'),[lo_('18[\210g}B\212\22,A\207\96{u\212\n','x_5\189\21\24\1\187')]=false},[lo_('m\23\157\157\27=\147\158',';x\244\249')]={[lo_('\163\54\136!\158','\236D')]=8,[lo_('G\0\190\25c\6\162\30','\23o\205p')]=mp[lo_('\19\140\224\49\167\247','P\202\146')][lo_('\141\134\148','\227')](4.4434676199999998,10147.8027,186.87919600000001,-0.609629333,3.6403494600000001e-07,-0.79268664099999997,2.5959545299999999e-07,1,2.5959559499999998e-07,0.79268664099999997,-4.7520771300000001e-08,-0.609629333),[lo_('lH\\S',"/\'")]=175000,[lo_('\21\190\57\48\6\133\53\178\31;\19\142','V\203KBc\235')]=lo_('\139i\161h\187','\200\6'),[lo_('k\195\208\5>\\wdL\215\202\24\57Z@dP','\"\164\190jL94\v')]=false},[lo_('\20~_7|^T<','\\\27\51[')]={[lo_('\154\49\177&\167','\213C')]=9,[lo_("6/\214 \18)\202\'",'f@\165I')]=mp[lo_('\144\230I\178\205^','\211\160;')][lo_('\202\193\211','\164')](-6.2800021199999998,10147.8027,191.65692100000001,-0.99130147700000004,-2.2317172499999999e-07,0.131610751,-2.59595367e-07,1,-2.5959542399999999e-07,-0.131610751,-2.9150288600000002e-07,-0.99130147700000004),[lo_('\244(\196\51','\183G')]=300000,[lo_('\222\173-\27\176R\254\161\v\16\165Y','\157\216_i\213<')]=lo_('o\29E\28_',',r'),[lo_('-\3\175p\162\224n\197\n\23\181m\165\230Y\197\22','dd\193\31\208\133-\170')]=false},[lo_('\159m\n\143\216c\176v\b\199\233i\182','\209\4m\231\172\14')]={[lo_('\229\158\206\137\216','\170\236')]=10,[lo_('\160JU\127\132LIx','\240%&\22')]=mp[lo_('\a\130\53%\169\"','D\196G')][lo_('v}o','\24')](-15.9982901,10147.8027,185.164795,-0.40573734,3.4259502999999998e-07,0.91398972300000003,2.5959545299999999e-07,1,-2.59595339e-07,-0.91398972300000003,1.3194005499999999e-07,-0.40573734),[lo_(',\188\28\167','o\211')]=900000,[lo_('\162L\209RX^\130@\247YMU','\225\57\163 =0')]=lo_('\240{\218z\192','\179\20'),[lo_(':5\199!\234\141\226\19\29!\221<\237\139\213\19\1','sR\169N\152\232\161|')]=false},[lo_('\6I\139\164\239;_\194\143\234\51','T(\226\202\141')]={[lo_('m\204F\219P','\"\190')]=11,[lo_('MsA\191iu]\184','\29\28\50\214')]=mp[lo_('\203\231\243\233\204\228','\136\161\129')][lo_('\165\174\188','\203')](-35.576030699999997,15972.4229,43.764083900000003,-0.96547520200000003,1.83009519e-07,0.26049497700000002,2.59595396e-07,1,2.5959573700000002e-07,-0.26049497700000002,3.1825655399999999e-07,-0.96547520200000003),[lo_('S\208c\203','\16\191')]=1500000,[lo_(":\\\1\251\216\16\26P\'\240\205\27",'y)s\137\189~')]=lo_('\139\n\161\v\187','\200e'),[lo_('\226B\1m\26\251\135\22\197V\27p\29\253\176\22\217','\171%o\2h\158\196y')]=false},[lo_('\134\t\193\144\55\180\15\142\162=\178','\213a\174\231Z')]={[lo_('\181\18\158\5\136','\250\96')]=12,[lo_(',\162\20\142\b\164\b\137','|\205g\231')]=mp[lo_('\209,d\243\as','\146j\22')][lo_('QZH','?')](9940.3115199999993,26.8970299,209.978363,-0.69887876500000001,-3.6709877800000001e-07,-0.71524018,-2.5959531100000001e-07,1,-2.5959548099999999e-07,0.71524018,4.2472350100000002e-09,-0.69887876500000001),[lo_('\175\158\159\133','\236\241')]=1000,[lo_('\198\3\28\152T\168\230\15:\147A\163','\133vn\234\49\198')]=lo_('\22M\158)A\137\49','B$\253'),[lo_('\207\161i\127\187\215\190\165\232\181sb\188\209\137\165\244','\134\198\a\16\201\178\253\202')]=false},[lo_('\183\142|<M\157\199W2D','\250\231\18U#')]={[lo_('}\254V\233@','2\140')]=13,[lo_('\185\181\214\176\157\179\202\183','\233\218\165\217')]=mp[lo_('M*\202o\1\221','\14l\184')][lo_('\26\17\3','t')](9918.5390599999992,7682.0449200000003,242.783905,-0.32808327700000001,3.3039546600000001e-07,-0.94464880200000001,2.5959556599999998e-07,1,2.59595396e-07,0.94464880200000001,-1.6005773799999999e-07,-0.32808327700000001),[lo_('\200\202\248\209','\139\165')]=120000,[lo_('G\252\238\181\49\173g\240\200\190$\166','\4\137\156\199T\195')]=lo_('\154\248\227\165\244\244\189','\206\145\128'),[lo_('hq\180\251\212\170\151lOe\174\230\211\172\160lS','!\22\218\148\166\207\212\3')]=false},[lo_('\24W\149\254)\14\178\252<','[.\247\155')]={[lo_('\150\57\189.\171','\217K')]=14,[lo_('?\231H\238\27\225T\233','o\136;\135')]=mp[lo_('\234\185\196\200\146\211','\169\255\182')][lo_('\21\30\f','{')](9913.4882799999996,13410.247100000001,242.496567,0.00606069295,2.58017394e-07,-0.99998164199999995,2.5959550999999999e-07,1,2.5959548099999999e-07,0.99998164199999995,-2.6116404700000001e-07,0.00606069295),[lo_('\163\253\147\230','\224\146')]=450000,[lo_('amq^\247\199AaWU\226\204','\"\24\3,\146\169')]=lo_('G\207\54x\195!\96','\19\166U'),[lo_('\252\136t\146\171\176\20Y\219\156n\143\172\182#Y\199','\181\239\26\253\217\213W6')]=false},[lo_("I>\249M\'\30\241D",'\a[\150#')]={[lo_('J\166a\177w','\5\212')]=15,[lo_('d\212\230\150@\210\250\145','4\187\149\255')]=mp[lo_('WS\222ux\201','\20\21\172')][lo_('\157\150\132','\243')](9883.4736300000004,20089.773399999998,260.44686899999999,-0.99999922500000005,2.5926962599999998e-07,0.0012535946400000001,2.5959525400000001e-07,1,2.5959548099999999e-07,-0.0012535946400000001,2.59920711e-07,-0.99999922500000005),[lo_('\166n\150u','\229\1')]=1300000,[lo_("\224(\1\233\252x\192$\'\226\233s",'\163]s\155\153\22')]=lo_('\242\t\184\205\5\175\213','\166\96\219'),[lo_("\245\'!\245\'\154\172,\210\51;\232 \156\155,\206",'\188@O\154U\255\239C')]=false},[lo_('\136\176\238\225\150\240\166','\193\211\151')]={[lo_('\184\246\147\225\133','\247\132')]=16,[lo_('h\156\19\191L\154\15\184','8\243\96\214')]=mp[lo_("\\Y0~r\'",'\31\31B')][lo_('\3\b\26','m')](-21428.1777,7.1648092300000004,-100876.719,-0.99657601100000004,2.3724311399999999e-07,-0.082681402599999995,2.5959570800000002e-07,1,-2.5959579400000001e-07,0.082681402599999995,-2.8017066699999998e-07,-0.99657601100000004),[lo_('\179\174\131\181','\240\193')]=25,[lo_('\165\199Z\137\179\24\133\203|\130\166\19','\230\178(\251\214v')]=lo_('\224\177\199\194\184\213','\176\212\166'),[lo_('C\197\249\207\185\2\54vd\209\227\210\190\4\1vx','\n\162\151\160\203gu\25')]=false},[lo_('6\201t\a@\229}\5','\96\160\26b')]={[lo_('\180\210\159\197\137','\251\160')]=17,[lo_('\189\22\236\221\153\16\240\218','\237y\159\180')]=mp[lo_('\207\26\127\237\49h','\140\\\r')][lo_('\18\25\v','|')](-19303.25,7.3095459900000002,18899.9277,-0.84210872699999995,0,-0.53930777299999999,0,1,0,0.53930777299999999,0,-0.84210872699999995),[lo_('\198 \246;','\133O')]=250,[lo_('?c\n\26Xi\31o,\17Mb','|\22xh=\a')]=lo_('}\a\175_\14\189','-b\206'),[lo_('0=\14\153Va\189L\23)\20\132Qg\138L\v','yZ\96\246$\4\254#')]=false},[lo_('\129\176\160y\237\148\177\127','\205\209\214\24')]={[lo_('\214\217\253\206\235','\153\171')]=18,[lo_('\134d?\202\162b#\205','\214\vL\163')]=mp[lo_('\218q\238\248Z\249','\153\55\156')][lo_('ajx','\15')](-71.781456000000006,12.810639399999999,15.9462814,-0.74431115400000003,-3.6658599399999998e-07,-0.66783297100000005,-2.59595396e-07,1,-2.5959522500000001e-07,0.66783297100000005,-1.9853251500000002e-08,-0.74431115400000003),[lo_('\179I\131R','\240&')]=750,[lo_('\254\212\133:w\155\222\216\163\49b\144','\189\161\247H\18\245')]=lo_('\161\225\233\131\232\251','\241\132\136'),[lo_('YdPHh\205\136\201~pJUo\203\191\201b',"\16\3>\'\26\168\203\166")]=false},[lo_('\249\246\220\254b\28\209\241\144\218k\15','\184\130\176\159\fh')]={[lo_('C\223h\200~','\f\173')]=19,[lo_('\223\131\162\184\251\133\190\191','\143\236\209\209')]=mp[lo_('BPp\96{g','\1\22\2')][lo_('\207\196\214','\161')](-13945.968800000001,13.0212469,-20255.3125,-0.99999988100000003,0,-0.00054350309100000005,0,1,0,0.00054350309100000005,0,-0.99999988100000003),[lo_('\3\27\51\0','@t')]=1000,[lo_('d\130\177\a\56HD\142\151\f-C',"\'\247\195u]&")]=lo_('\138i$\168\96\54','\218\fE'),[lo_('\1\135\175\54{\28\181s&\147\181+|\26\130s:','H\224\193Y\ty\246\28')]=false},[lo_('8\229\160\"\\\18\234\225\20H\28','{\137\193Q/')]={[lo_('\234\5\193\18\215','\165w')]=20,[lo_('{\19\187\234_\21\167\237','+|\200\131')]=mp[lo_('2\189\165\16\150\178','q\251\215')][lo_('\224\235\249','\142')](-41511.468800000002,9.0661134699999995,-20492.037100000001,-0.99999558899999996,-9.9326969199999996e-16,-0.00297134626,-9.9526710099999995e-16,1,6.7075130900000004e-16,0.00297134626,6.7370560099999998e-16,-0.99999558899999996),[lo_('NY~B','\r\54')]=2000,[lo_('R\229\164\197\242\202r\233\130\206\231\193','\17\144\214\183\151\164')]=lo_('&Sr\4Z\96','v6\19'),[lo_('\250\149\170\153\211\131c9\221\129\176\132\212\133T9\193','\179\242\196\246\161\230 V')]=false},[lo_('!~Y\29\26\6;\127\b\24','r\27:o\127')]={[lo_('\132#\175\52\185','\203Q')]=21,[lo_('(\207\236\193\f\201\240\198','x\160\159\168')]=mp[lo_('\27\0\198\57+\209','XF\180')][lo_('\239\228\246','\129')](-19442.830099999999,9.6145324700000003,18836.921900000001,0.92368370300000002,0,0.383155882,0,1,0,-0.383155882,0,0.92368370300000002),[lo_('\179\248\131\227','\240\151')]=1,[lo_('\248\168\54\197,\131\216\164\16\206\57\136','\187\221D\183I\237')]=lo_('\156$\182%\172','\223K'),[lo_('\159\180\5dJ\20\185\187\184\160\31yM\18\142\187\164','\214\211k\v\56q\250\212')]=false},[lo_('\140}\248\188\163n\177j\190\144\170\96','\197\19\158\213\205\a')]={[lo_('nMEZS','!?')]=22,[lo_('^\244\225&z\242\253!','\14\155\146O')]=mp[lo_(';\147\53\25\184\"','x\213G')][lo_('\209\218\200','\191')](-94.912666299999998,8.2981948899999995,-26.949325600000002,0.000889187853,2.5936444099999998e-07,0.99999958300000003,2.5959556599999998e-07,1,-2.59595367e-07,-0.99999958300000003,2.5982629400000002e-07,0.000889187853),[lo_("\23\175\'\180",'T\192')]=0,[lo_('\161\150\129\154\23\144\129\154\167\145\2\155','\226\227\243\232r\254')]=lo_('\183\214\184','\249'),[lo_('\155\178\196\220%;f\254\188\166\222\193\"=Q\254\160','\210\213\170\179W^%\145')]=false},[lo_(';\144MJa\175\"\t\159QZ7\143\55\29','z\254##\23\202P')]={[lo_('U2~%h','\26@')]=23,[lo_('\229\157g+\193\155{,','\181\242\20B')]=mp[lo_('\b\96G*KP','K&5')][lo_('\249\242\224','\151')](2444.7214399999998,3161.02612,852.37481700000001,-0.58069765600000001,0,-0.81411927900000003,0,1,0,0.81411927900000003,0,-0.58069765600000001),[lo_('Fmvv','\5\2')]=411,[lo_('\204\180<X\237\186\236\184\26S\248\177','\143\193N*\136\212')]=lo_('\v\248!\238','L\157'),[lo_('>\210\178\249\56-=\207\25\198\168\228?+\n\207\5','w\181\220\150JH~\160')]=false},[lo_('\246C\246\145%\155T\192B\252\213\5\142_','\161,\152\245@\233\56')]={[lo_('&\217\r\206\27','i\171')]=24,[lo_('6\198rV\18\192nQ','f\169\1?')]=nil,[lo_('\157\143\173\148','\222\224')]=2000000,[lo_("\234\248\181\49\50e\202\244\147:\'n",'\169\141\199CW\v')]=lo_('\135V\165\184Z\178\160','\211?\198'),[lo_('\152\55\48\179\56\192\238\217\191#*\174?\198\217\217\163','\209P^\220J\165\173\182')]=true},[lo_(' \170\148\211G\128\159\210','g\197\248\181')]={[lo_('\184\52\147#\133','\247F')]=25,[lo_('\190\a\t\130\154\1\21\133','\238hz\235')]=mp[lo_('Y\229\203{\206\220','\26\163\185')][lo_('}vd','\19')](2438.4748500000001,3161.02783,805.728027,0.81514036700000003,-6.1232590599999995e-08,-0.57926350800000004,2.59595396e-07,1,2.59595339e-07,0.57926350800000004,-3.6198076699999999e-07,0.81514036700000003),[lo_(',N\28U','o!')]=200,[lo_('S\219\232&\3\27s\215\206-\22\16','\16\174\154Tfu')]=lo_('\135n\173x','\192\v'),[lo_('G\23Ex\206\140>N\96\3_e\201\138\tN|','\14p+\23\188\233}!')]=false}},{[lo_('QP\249\160\190sX\182\234\249','\29?\152\196\215')]={[lo_('\164M\143Z\153','\235?')]=1}};mp[lo_('\141g\138m','\249\6')][lo_(';\135)\128&','H\247')](function()local function Od()local Cf,zb=mp[lo_('\r\243\28\252\17','}\144')](function()return mp[lo_('\161\144\171\148','\198\241')][lo_('\169\236}\145\223l\149','\225\152\t')](mp[lo_('\161\144\171\148','\198\241')],lo_('\129\183\170\169Hs\170\132\203\48\247\225\172\187\189\143y\26G\206\211\161\218\243\238\233];\224\194\214o\183\166\241\236\231\209\57VD\157\131\252\154','\233\195\222\217r\\\133\182\251\6\217\208\148\130\147\190K/i\248\228\155'),true,3)end)if not Cf or not zb then mp[lo_('\2\26\a\21','u{')](lo_(el_'dWC/m1lc32BrwDZFYOp7ijiUg43fUKHZX0xcZ/GZC1zVYz7GJ0NxuHOBfJaHjcJe55QZBg==',el_'NA6f/isusBJLr1UmFZge7hjj6+ixcMe8Ky8='))return nil end local si,F=mp[lo_('\232\128\249\143\244','\152\227')](function()return bj[lo_('w}\130\ffXM\162&G','=.\205B\"')](bj,zb)end)if not si then return nil end return F end while not eh[lo_('\219\232b\253\208\242x\251\216','\156\189+\190')]do local Aj=Od()local sb=Aj and Aj[lo_('\133\225\137\253I\228\241\179\247\139\228B\229\198','\214\132\251\139,\150\163')]if not(mp[lo_('\144\173\148\177','\228\212')](sb)==lo_('\200\212\222\217\217','\188\181'))then mp[lo_('\154\234\159\229','\237\139')](lo_(el_'xxb7xRePSILtjHo5hsx51yH0tK7Ms/v6mjTuEbXHRY9CgbiKaz+XnnHcZfawrtG9vbfcfg==',el_'hnjboGX9J/DN4xla874cswGD3Muik52f7lc='))else Df=sb end mp[lo_('X\16_\26',',q')][lo_('\196\216\218\205','\179\185')](10)end end)repeat mp[lo_('\205\b\202\2','\185i')][lo_('\219\49\197$','\172P')](0.016666666666666666)until not Df[lo_('\172\163\221\221\253\142\171\146\151\186','\224\204\188\185\148')]or eh[lo_('>\141WZ5\151M\\=','y\216\30\25')]local gm,Xk,vf,am,ud,Ho,Ma,Cg={[lo_('\225,s\231\138\187\208\54a\168\183\161\209','\181D\22\199\197\205')]={[lo_('\138\186\161\173\183','\197\200')]=1},[lo_('\173I\27\127\195\138\201\50\192p\20d\197\143\205$\133','\224 u\22\164\235\164W')]={[lo_('y\222R\201D','6\172')]=2},[lo_('\184(2\22\174\203\30!\18\179','\235MDs\192')]={[lo_('l\15G\24Q','#}')]=3}},{[lo_('n\254E;\156+\19{jR\218D\226F&\210\a\vk=h\205',"\'\144#R\242Bg\2E\1\191")]={[lo_('\tM\"Z4','F?')]=1,[lo_('\16\171\56\161<','Y\198')]=lo_('\157\246\249Wz\146\145E\r^L\202\129\216\166\181\14\49\211\204\0S\2F\221\155\217','\239\148\129\54\t\225\244\49d:v\229\174')},[lo_('h\130\27\48Hh\152\22>\27',':\247uUh')]={[lo_('Fqmf{','\t\3')]=2,[lo_('\147\48\187:\191','\218]')]=lo_('\218r\172\132/\4i\135\150JJ\235\181\145!\236\208lC4\194\199\28@\240\168\159','\168\16\212\229\\w\f\243\255.p\196\154')},[lo_('\5\147\18\172^R3\21\137\n\187ED\127','V\251s\200\49%\19')]={[lo_('\\\"w5a','\19P')]=3,[lo_('|\25T\19P','5t')]=lo_('\217\213\134c\0\16\166#E\233\187\224\134l\155\131\200\53GU\242\96\20\189\185\251\154e','\171\183\254\2sc\195W,\141\129\207\169]')},[lo_('+\163\240\96\230O\130\253\96\249\v','o\209\149\1\139')]={[lo_('\188\189\151\170\129','\243\207')]=4,[lo_('\r\196%\206!','D\169')]=lo_('\15\185N3\179\244&\31\238J\141\244\27\16O\226\5k\240\176rS\180\30\130\227\4\25','}\219\54R\192\135Ck\135.\183\219\52!')},[lo_('T\191N\246\31\24,a\172L\254\20V\30','\19\205+\147q8j')]={[lo_('\166.\141\57\155','\233\\')]=5,[lo_('\"\v\n\1\14','kf')]=lo_('\250\132kM\209\186(\176t\28V\187\243\164\184\210&\25\149\252x\253,KX\164\238\167','\136\230\19,\162\201M\196\29xl\148\220\149')}},{[lo_('Y>\237AD:\237\2a','\t[\153a')]={[lo_('\rh&\127\48','B\26