local Ge=(getfenv())local H,Mc,hb=(string.char),(string.byte),(bit32 .bxor)local Ii=function(Xn,n_)local Cb=''for oi=6,(#Xn-1)+6 do Cb=Cb..H(hb(Mc(Xn,(oi-6)+1),Mc(n_,(oi-6)%#n_+1)))end return Cb end local qf,Dl=(string.gsub),(string.char)local dk=(function(cg)cg=qf(cg,'[^ABCDEFGHIJKLMNOPQRSTUVWXYZabcdefghijklmnopqrstuvwxyz0123456789+/=]','')return(cg:gsub('.',function(yk)if(yk=='=')then return''end local El,tf='',(('ABCDEFGHIJKLMNOPQRSTUVWXYZabcdefghijklmnopqrstuvwxyz0123456789+/'):find(yk)-1)for Dn=6,1,-1 do El=El..(tf%2^Dn-tf%2^(Dn-1)>0 and'1'or'0')end return El end):gsub('%d%d%d?%d?%d?%d?%d?%d?',function(Cn)if(#Cn~=8)then return''end local ph=0 for fa_=1,8 do ph=ph+(Cn:sub(fa_,fa_)=='1'and 2^(8-fa_)or 0)end return Dl(ph)end))end)if not(not Ge[Ii('a\216k\220','\6\185')][Ii('\223\2\50D\247\21\27O','\150q~+')](Ge[Ii('a\216k\220','\6\185')]))then else Ge[Ii('\234\180\224\176','\141\213')][Ii('T\199\96|\205e','\24\168\1')][Ii('s\219M\206','$\186')](Ge[Ii('\234\180\224\176','\141\213')][Ii('T\199\96|\205e','\24\168\1')])end if Ge[Ii('4\246>\242','S\151')][Ii('c\162\224P\171\200W','3\206\129')]~=85896571713843 then return end local Wf=Ge[Ii('\135\241\141\245','\224\144')][Ii('\160?\148\133g\149,\137\181g','\231Z\224\214\2')](Ge[Ii('\135\241\141\245','\224\144')],Ii('U\129:|\136)v','\5\237['))local qp,Lk,pn,Gp,Bm,xl,gb,mg,Mh,Il,Ma,_b,kc=Wf[Ii('#\131\228B$?\128\230Z-\29','o\236\135#H')],Ge[Ii('\17\214\27\210','v\183')][Ii('tz\0P\189Ai\29\96\189','3\31t\3\216')](Ge[Ii('\17\214\27\210','v\183')],Ii('|\v\\\49\96_M\14O=mi','(|9T\14\f')),Ge[Ii('X\0R\4','?a')][Ii(':0\244\157\50\15#\233\173\50','}U\128\206W')](Ge[Ii('X\0R\4','?a')],Ii('\170\f\242T\1-i\253\139,\242T>*z\237','\255\127\151&HC\25\136')),Ge[Ii('\143u\133q','\232\20')][Ii('\16\201\157\209\253%\218\128\225\253','W\172\233\130\152')](Ge[Ii('\143u\133q','\232\20')],Ii('\"\201j\240\233\23\202j\192\233','e\188\3\163\140')),Ge[Ii('\159\22\149\18','\248w')][Ii('\239\25\137)\163\218\n\148\25\163','\168|\253z\198')](Ge[Ii('\159\22\149\18','\248w')],Ii('\249&1u\161\217%6E\161','\171S_&\196')),Ge[Ii('\200\52\194\48','\175U')][Ii('\224iJs\135\213zWC\135','\167\f> \226')](Ge[Ii('\200\52\194\48','\175U')],Ii('\130\254\161\148\29\175\248\163\141-\175','\202\138\213\228N')),Ge[Ii('\204\17\198\21','\171p')][Ii('e&\225\155\164P5\252\171\164','\"C\149\200\193')](Ge[Ii('\204\17\198\21','\171p')],Ii('\143\216\209[;b\189u\184\217\242C=s\189f\184','\221\189\161\55R\1\220\1')),Ge[Ii("-\249\'\253",'J\152')][Ii('\205\4r\232j\248\23o\216j','\138a\6\187\15')](Ge[Ii("-\249\'\253",'J\152')],Ii('\0\54\182\b\245\150\177[\208\153*6\182/\245\156\179s\208\136','CY\216|\144\238\197\26\179\237')),Ge[Ii('\190\217\180\221','\217\184')][Ii('pb\226\229\24Eq\255\213\24','7\a\150\182}')](Ge[Ii('\190\217\180\221','\217\184')],Ii('mWy>UWp1','!>\30V')),Ge[Ii('4\176>\180','S\209')][Ii('\168\14\168J\221\157\29\181z\221','\239k\220\25\184')](Ge[Ii('4\176>\180','S\209')],Ii('\182LM\236\131\129Ij\235\147\146','\224%?\152\246')),Ge[Ii('\255\163\245\167','\152\194')][Ii('eq\230\159QPb\251\175Q','\"\20\146\204\52')](Ge[Ii('\255\163\245\167','\152\194')],Ii('6\181\203S)$\5Z\145\16\169\205j=+\bt\154\18',"\96\220\185\'\\Ei\19\255")),Ge[Ii('x\165r\161','\31\196')][Ii('J\139\166\213\144\127\152\187\229\144','\r\238\210\134\245')](Ge[Ii('x\165r\161','\31\196')],Ii('O\152T\227\228\210\224o\174]\244\226\212\241~','\27\253\56\134\148\189\146')),Ge[Ii('\27:\29w3:\rf','RTn\3')][Ii('\1\n\24','o')](Ii('1\175\155$\a\162\174\52\v','b\204\233A'),Ge[Ii('\233 \227$','\142A')][Ii('\171\153\57\130\144*\136','\251\245X')][Ii('\132u\129eP\152v\131}Y\186','\200\26\226\4<')][Ii('\188\220\f\196\217\a\153\254\r\217\243\f','\235\189e\176\159h')](Ge[Ii('\233 \227$','\142A')][Ii('\171\153\57\130\144*\136','\251\245X')][Ii('\132u\129eP\152v\131}Y\186','\200\26\226\4<')],Ii('\14\193\186\144;\223\156\156\55','^\173\219\233')));kc[Ii('\238\232\205\236','\160\137')]=Ii('\233\171\128\176u\248s\150\57\246\152\183\145\1\170\\\140:','\187\253\217\228E\207>\249]');kc[Ii('\15\135\t\49\252J2\161\b%\245Y','K\238zA\144+')]=999;kc[Ii('%\144<4\140\"\148\25\158\27\53\141\"\167','l\247R[\254G\211')]=true;kc[Ii('\22\241,\228\234\186*\199/\224\233\155','D\148_\129\158\245')]=false local Jm=Ge[Ii('\225\54\f/\201\54\28>','\168X\127[')][Ii('\17\26\b','\127')](Ii('\191%\152:\156','\249W'),kc);Jm[Ii('m\3D\15','>j')]=Ge[Ii('w-K\4\16','\"i')][Ii('\2\t\27','l')](1,0,1,0);Jm[Ii('\164\197\192\196\128\195\220\195','\244\170\179\173')]=Ge[Ii('\242\242\206\219\149','\167\182')][Ii('\225\234\248','\143')](0,0,0,1);Jm[Ii('A\191\178<\148\"\130\19\193\16@q\191\191$\131\49\159\3\193\23m','\3\222\209W\243P\237f\175t\20')]=1;Jm[Ii('2\172\209\f\128\199','h\229\191')]=969;Jm[Ii('\nQ@\"DQ','K24')]=true;Jm[Ii('e\148>$zB\144\48-|','6\241RA\25')]=true local si,Lc,hg,lo_={},{},{[Ii('_\3\n\188\153V\23\n\176\209','\30v~\211\185')]=0,[Ii('\143j\144\133\194|\175%\162\135\215z','\223\5\231\224\176\t')]=0,[Ii('\167\168B{\241\29\54\229\139\253f}\178\48\"\231\149','\230\221\54\20\209[W\151')]=0,[Ii('*\21\246y\237\0<\6@\197s\163.<','k\96\130\22\205GY')]=0,[Ii('rbW|\14H&]~DrC\96<','3\23#\19.\5O')]=0,[Ii('HH\254\217\253\v\vhO\238\209\188$\1','\t=\138\182\221Id')]=0,[Ii('2\16\145\167O{\26\22\141\161\1Z','se\229\200o=')]=0},{[Ii('\209%u\134\198\216\49u\138\142','\144P\1\233\230')]=false,[Ii('\139&A\250\213]\171is\248\192[','\219I6\159\167(')]=false,[Ii('\0\24\146%\213\237Y\139,M\182#\150\192M\137\50','Am\230J\245\171\56\249')]=false,[Ii("\0\189\51\201\150\'\215,\232\0\195\216\t\215",'A\200G\166\182\96\178')]=false,[Ii(" \21\'\251r\141\a\15\t\52\245?\165\29",'a\96S\148R\192n')]=false,[Ii('\193\53\162\6\17,\204\225\50\178\14P\3\198','\128@\214i1n\163')]=false,[Ii('F\230\29#3\191n\224\1%}\158','\a\147iL\19\249')]=false};Bm[Ii('~C\236\160\2V\127R\231\180\23AH',',&\130\196g$')][Ii('G\194Kj\200Fp','\4\173%')](Bm[Ii('~C\236\160\2V\127R\231\180\23AH',',&\130\196g$')],function()for sa,b_ in Ge[Ii('\31|\6o\28','o\29')](si)do if not(si[sa]~=lo_[sa])then else lo_[sa]=si[sa]if not(si[sa])then else hg[sa]=Ge[Ii('d3s1','\16Z')]()end if not(sa==Ii('\146\204\155\211\187\155\216\155\223\243','\211\185\239\188\155')and si[sa])then else si[Ii('\2Yd\198n\178j|.\f@\192-\159~~0','C,\16\169N\244\v\14')]=false;si[Ii('\25,\135@\194\187\240\54\48\148N\143\147\234','XY\243/\226\246\153')]=false;si[Ii('\214\138\52\25rT\211\246\141$\17\51{\217','\151\255@vR\22\188')]=false;si[Ii('\206\20\191^.\231\230\18\163X\96\198','\143a\203\49\14\161')]=false end if sa==Ii('U\186\229\186~\203\198ey\239\193\188=\230\210gg','\20\207\145\213^\141\167\23')and si[sa]then si[Ii('\15\133\198\212\51\6\145\198\216{','N\240\178\187\19')]=false;si[Ii('\209\1\189\150%0\190\253T\142\156k\30\190','\144t\201\249\5w\219')]=false;si[Ii('\225\172\213\163\nu\25\206\176\198\173G]\3','\160\217\161\204*8p')]=false;si[Ii('\219\180N\193\22v.\251\179^\201WY$','\154\193:\174\54\52A')]=false;si[Ii('\143\182\226\"\210\200\167\176\254$\156\233','\206\195\150M\242\142')]=false end if sa==Ii('\224\159\233g\145X\223\204\202\218m\223v\223','\161\234\157\b\177\31\186')and si[sa]then si[Ii('\31C\174\223\145\230L\155\51\22\138\217\210\203X\153-','^6\218\176\177\160-\233')]=false;si[Ii('\253\147\229\52\221+\b\221\148\245<\156\4\2','\188\230\145[\253ig')]=false;si[Ii('\214\201\51\148]\200\254\207/\146\19\233','\151\188G\251}\142')]=false end if sa==Ii('\141\239\26\255\162\186\148\162\243\t\241\239\146\142','\204\154n\144\130\247\253')and si[sa]then si[Ii('x<\244\173gq(\244\161/','9I\128\194G')]=false;si[Ii('\173\180\131Wo\225,e\129\225\167Q,\204\56g\159','\236\193\247\56O\167M\23')]=false;si[Ii('s\250\160=\128\226\179S\253\176\53\193\205\185','2\143\212R\160\160\220')]=false;si[Ii('\136y$\235+L\160\127\56\237em','\201\fP\132\v\n')]=false end if not(sa==Ii('S(p\21\214}\188s/\96\29\151R\182','\18]\4z\246?\211')and si[sa])then else si[Ii('\248S\222\50\225\241G\222>\169','\185&\170]\193')]=false;si[Ii('f\246\r\52\226\51e(J\163)2\161\30q*T',"\'\131y[\194u\4Z")]=false;si[Ii('\207\219w\254|+\132\227\142D\244\50\5\132','\142\174\3\145\\l\225')]=false;si[Ii('m\210\152d\n\f\53B\206\139jG$/',',\167\236\v*A\\')]=false;si[Ii('\216i]\159\235\231\240oA\153\165\198','\153\28)\240\203\161')]=false end if not(sa==Ii('\236#\133\131\163|\196%\153\133\237]','\173V\241\236\131:')and si[sa])then else si[Ii('&\131\245*\189/\151\245&\245','g\246\129E\157')]=false;si[Ii('a+\186\191\23\156\175lM~\158\185T\177\187nS',' ^\206\208\55\218\206\30')]=false;si[Ii('\200?\\;\226M\156\228jo1\172c\156','\137J(T\194\n\249')]=false;si[Ii('\194\169\49E8\129\143\237\181\"Ku\169\149','\131\220E*\24\204\230')]=false;si[Ii('\4Cz\a\171>\189$Dj\15\234\17\183','E6\14h\139|\210')]=false end end end end);qp[Ii('\180\54\28m\129(:a\141','\228Z}\20')][Ii('le\22\231:ni\27\238:','/\r\127\139^')][Ii('\222\162\222\243\168\211\233','\157\205\176')](qp[Ii('\180\54\28m\129(:a\141','\228Z}\20')][Ii('le\22\231:ni\27\238:','/\r\127\139^')],function()local Fk=qp[Ii('\0hB\30\53vd\18\57','P\4#g')][Ii(' \152\247t\254\242*\21\133\218x\209\247<','f\241\153\16\184\155X')](qp[Ii('\0hB\30\53vd\18\57','P\4#g')],Ii('\248\220\206\bL\233\231\229\243\17\25\176\223','\170\138\151\\|\222'))if Fk then Fk[Ii("\165L\138\178\'\132\152j\139\166.\151",'\225%\249\194K\229')]=9999 end end)local Xe=gb[Ii('\128\231\57\23\184D\26\181\250\20\27\151A\f','\198\142Ws\254-h')](gb,Ii('Y\250$\225k\96\241\51\253Z}','\24\148P\136.'))if not(Xe)then else Ge[Ii('\151\194\146\205','\224\163')](Ge[Ii('\160,v\186\54c','\211X\4')][Ii('\204\202\159\199\196\153','\170\165\237')](Ii(dk'1X062BUggrkv6A+YXwma6DtyT6ykCWwe9OiLWGidiMYjqsd3ecXjUkPuQHLL6mrSLahjXb75b3wBjuUSch6vuZEdJNWbwG2lwmt7ig==',dk'hytjjCUXpcoPqkjLFinbnU8db+rFewE+3M34cUj16bUDy6sFHKQ='),Ii('h\166\219-\186\195','\30\148\245')));kc[Ii('\202K\20\250\\\b\247','\142.g')](kc)return end Ge[Ii('\26|\3\96\30','j\14')](Ge[Ii('\225\15\235\251\21\254','\146{\153')][Ii('\134\233\n\141\231\f','\224\134x')](Ii('v\155\14l\165\158\25c\248\r#\170r~\187\245KC\133\24\20OI\237\127\29\230\128\30y\171o\n\150L~\136\245QB\204\48\18\19','$\205W8\149\169>\16\216Od\249;^\250\128?,\165^u='),Ii('\147\158_\214\130G','\229\172q')));Ge[Ii('sXtR','\a\57')][Ii('\161-\179*\188','\210]')](function()while not si[Ii('\30I\14\190\21S\20\184\29','Y\28G\253')]do local Sd=gb[Ii('\25\250\24\5b\202\163,\231\53\tM\207\181','_\147va$\163\209')](gb,Ii('\178\183\194\16\215\139\188\213\f\230\150','\243\217\182y\146'))if not(not Sd)then else local Di=Ge[Ii('\246\48\246w\222\48\230f','\191^\133\3')][Ii('#(:','M')](Ii('7\157,\187#\147/\162\16','u\242C\215'));Di[Ii('10\18\52','\127Q')]=Ii('\179J\201\14\128\138A\222\18\177\151','\242$\189g\197');Di[Ii('\253\164\142\200\171\136','\173\197\252')]=gb end kc=qp[Ii('\218*\142\136s\178\255\b\143\149Y\185','\141K\231\252\53\221')](qp,Ii('\229\198g\230\208\216A\234\220','\181\170\6\159'))[Ii('\179+\134\171\242\179\178\134\54\171\167\221\182\164','\245B\232\207\180\218\192')](qp[Ii('\218*\142\136s\178\255\b\143\149Y\185','\141K\231\252\53\221')](qp,Ii('\229\198g\230\208\216A\234\220','\181\170\6\159')),Ii('\201\vPm\191$\195BR\214\56gL\203v\236XQ','\155]\t\57\143\19\142-6'))if not(not kc or not kc[Ii('\153k\vX\133I\193\165e,Y\132I\242','\208\fe7\247,\134')]or not kc[Ii('\251Av\220Cr\218','\190/\23')]or kc[Ii('\199\3\a\a \198\251\53\4\3#\231','\149ftbT\137')]or kc[Ii('\182o\208sT\155\139I\209g]\136','\242\6\163\3\56\250')]~=999 or not kc[Ii('\235\191V0|\142\235\222\162{<S\139\253','\173\214\56T:\231\153')](kc,Ii('\138\205\173\210\169','\204\191'))or not kc[Ii('\239\52\54\202\228\168z\218)\27\198\203\173l','\169]X\174\162\193\b')](kc,Ii('\211\28\244\3\240','\149n'))[Ii('F\212\203n\193\218','\a\183\191')]or not kc[Ii('\0b\140\127\\\238g5\127\161ss\235q','F\v\226\27\26\135\21')](kc,Ii('\153U\190J\186',"\223\'"))[Ii('b[d]P{Q','42\23')]or kc[Ii('\28\235\221\a\253\201\161)\246\240\v\210\204\183','Z\130\179c\187\160\211')](kc,Ii('m\174J\177N','+\220'))[Ii('o\184F\180','<\209')]~=Ge[Ii('\134\150\186\191\225','\211\210')][Ii('\144\155\137','\254')](1,0,1,0)or kc[Ii('\243\230\191\187\181\201\51\198\251\146\183\154\204%','\181\143\209\223\243\160A')](kc,Ii('\29\6:\25>','[t'))[Ii('\182\24\29d\146\30\1c','\230wn\r')]~=Ge[Ii('\155/\167\6\252','\206k')][Ii('\158\149\135','\240')](0,0,0,1)or kc[Ii('#\233\255(T\167\150\22\244\210${\162\128','e\128\145L\18\206\228')](kc,Ii('G\176\96\175d','\1\194'))[Ii('\143\28\96\177\48v','\213U\14')]~=969)then else if kc then kc[Ii('\177[8\129L$\140','\245>K')](kc)end kc=Ge[Ii('M\214~\216e\214n\201','\4\184\r\172')][Ii(':1#','T')](Ii('\157\238:\195\171\227\15\211\167','\206\141H\166'),Ge[Ii('yHsL','\30)')][Ii('\143W@\166^S\172','\223;!')][Ii('\139\165\222/\244\151\166\220\55\253\181','\199\202\189N\152')][Ii('\0\22\a\0\56\56%4\6\29\18\51','Wwnt~W')](Ge[Ii('yHsL','\30)')][Ii('\143W@\166^S\172','\223;!')][Ii('\139\165\222/\244\151\166\220\55\253\181','\199\202\189N\152')],Ii('\154\15\203\4\175\17\237\b\163','\202c\170}')));kc[Ii('O\185l\189','\1\216')]=Ii('\231\218\191\148\20\14.\232\245\248\233\136\181\96\\\1\242\246','\181\140\230\192$9c\135\145');kc[Ii('\226\29r\238\208\253\223;s\250\217\238','\166t\1\158\188\156')]=999;kc[Ii('\28w\158\195\238z( y\185\194\239z\27','U\16\240\172\156\31o')]=true;kc[Ii('\134\15d%\226\128\186\57g!\225\161','\212j\23@\150\207')]=false local rb=Ge[Ii('\206>\136\190\230>\152\175','\135P\251\202')][Ii('\156\151\133','\242')](Ii('\132\4\163\27\167','\194v'),kc);rb[Ii('\185\54\144:','\234_')]=Ge[Ii('\150\144\170\185\241','\195\212')][Ii('\a\f\30','i')](1,0,1,0);rb[Ii('\f\143i\155(\137u\156','\\\224\26\242')]=Ge[Ii('\248\4\196-\159','\173@')][Ii('\243\248\234','\157')](0,0,0,1);rb[Ii('%t\206L4a\219\207>r\172\21t\195T#r\198\223>u\129',"g\21\173\'S\19\180\186P\22\248")]=1;rb[Ii('\148\139\238\170\167\248','\206\194\128')]=969;rb[Ii('\217\133$\241\144\53','\152\230P')]=true;rb[Ii('\227\17\204\191\138\196\21\194\182\140','\176t\160\218\233')]=true end Ge[Ii('\227\139\228\129','\151\234')][Ii('\159j\129\127','\232\v')](0.016666666666666666)end end)local sn,bf,Lj,vn,al,og=Ii('x^\150\250\20[[1\246\250Jg\211-\152uE\170\192Q3W\22\197\221jV\249\49\163','*\b\207\174$l\4s\177\169\3\56\158B\252')..qp[Ii('\192-\227)','\142L')]..Ii('\130\128\223\133\194','\172\234'),Ii("\134+\231\'/\164#\168mh",'\202D\134CF'),Ii('\16\170\207\133-2\162\128\207j','\\\197\174\225D'),{[Ii(']T\233\228:\241;\27\200\237\50\189','\n;\155\136^\209')]={[Ii('\131\247\158F\167\241\130A','\211\152\237/')]=Ge[Ii('aS\169Cx\190','\"\21\219')][Ii('@KY','.')](-70.3784256,6862.18066,117.75927,0.99997562200000001,-2.6140133999999999e-07,0.0069818086899999998,2.5959522500000001e-07,1,2.5959542399999999e-07,-0.0069818086899999998,-2.5777666199999998e-07,0.99997562200000001)},[Ii('\199a\133\234vc\208|\176\23\248d\196\222pw\155[\165\5','\148\t\228\142\25\20\240.\213v')]={[Ii('s\194\202\157W\196\214\154','#\173\185\244')]=Ge[Ii('M\135\221o\172\202','\14\193\175')][Ii('\238\229\247','\128')](2354.1228000000001,3158.1853000000001,873.45281999999997,-0.433665156,3.4649215800000002e-07,0.90107411100000001,2.5959531100000001e-07,1,-2.5959542399999999e-07,-0.90107411100000001,1.2133710899999999e-07,-0.433665156)},[Ii('\b\128\200\fG!\137\199Bj','R\229\166,\14')]={[Ii('\197\16\187Q\225\22\167V','\149\127\200\56')]=Ge[Ii('\0\227U\"\200B',"C\165\'")][Ii('\171\160\178','\197')](4.8062472300000003,15972.772499999999,43.796966599999998,0.99981224499999999,-2.5451632299999998e-07,-0.019377794100000002,2.5959545299999999e-07,1,2.5959516800000002e-07,0.019377794100000002,-2.6457681199999998e-07,0.99981224499999999)},[Ii('(\209\202kj\136hE\n\148\245._\130j@','o\180\167K-\237\6,')]={[Ii('\173\180\170\152\137\178\182\159','\253\219\217\241')]=Ge[Ii('\253\202\154\223\225\141','\190\140\232')][Ii('\233\226\240','\135')](4.9746746999999996,15976.543900000001,-0.74841928499999999,0.99976640900000002,-2.53923929e-07,0.021613849300000001,2.5959542399999999e-07,1,-2.5959556599999998e-07,-0.021613849300000001,2.6514575799999998e-07,0.99976640900000002)},[Ii('\247E?\185\209M?\166\208','\181*^\203')]={[Ii('\0W\184\238$Q\164\233','P8\203\135')]=Ge[Ii('\3\229\138!\206\157','@\163\248')][Ii('\96ky','\14')](9793.75,26.101774200000001,30.150312400000001,0.99005234200000003,-2.9353807899999999e-07,0.14069949100000001,2.5959548099999999e-07,1,2.5959550999999999e-07,-0.14069949100000001,-2.2048820400000001e-07,0.99005234200000003)},[Ii("\152ni/\n\226\185\'I7\2\251\176",'\222\a\26Gc\140')]={[Ii('_\192^\148{\198B\147','\15\175-\253')]=Ge[Ii('\151\222\198\181\245\209','\212\152\180')][Ii('\t\2\16','g')](-23662.912100000001,7.5776963200000003,-79.410987899999995,1,2.59595396e-07,-1.1443838099999999e-09,-2.59595396e-07,1,2.5959531100000001e-07,1.1444512000000001e-09,-2.5959531100000001e-07,1)}},{[Ii('|\6\227\54\fQI\203<\4','?i\142[c')]={[Ii('\210\247\249\224\239','\157\133')]=1,[Ii('\200w0O\236q,H','\152\24C&')]=Ge[Ii('\250w\160\216\\\183','\185\49\210')][Ii('\226\233\251','\140')](-4.0635209100000003,9.2982025099999994,-79.875190700000005,-0.00064392638199999995,-2.59428134e-07,0.99999982099999996,2.5959559499999998e-07,1,2.59595367e-07,-0.99999982099999996,2.5976268599999999e-07,-0.00064392638199999995),[Ii('o\\_G',',3')]=10,[Ii('h\148<\235\18\51H\152\26\224\a\56','+\225N\153w]')]=Ii('\t\255#\254\57','J\144'),[Ii("H0=MM+\209{o$\'PJ-\230{s",'\1WS\"?N\146\20')]=false},[Ii('-\170\224O\239\27\190\175~\252\25','~\218\143;\155')]={[Ii('\184D\147S\133','\247\54')]=2,[Ii('\243\182\18\135\215\176\14\128','\163\217a\238')]=Ge[Ii('\190\222\224\156\245\247','\253\152\146')][Ii('\180\191\173','\218')](-4.0564684900000003,9.2982025099999994,-68.873893699999996,-0.00064401462400000005,-2.59428134e-07,0.99999982099999996,2.5959542399999999e-07,1,2.59595367e-07,-0.99999982099999996,2.5976254400000001e-07,-0.00064401462400000005),[Ii('w\250G\225','4\149')]=110,[Ii('l@\"\55\189\54LL\4<\168=','/5PE\216X')]=Ii('s]Y\\C','02'),[Ii('\157\3\30\213\204Nl&\186\23\4\200\203H[&\166','\212dp\186\190+/I')]=false},[Ii("\127\'\170\221\248\242D \239\235\247\244",'6D\207\174\144\147')]={[Ii('\244u\223b\201','\187\a')]=3,[Ii('[D\249w\127B\229p','\v+\138\30')]=Ge[Ii('\218\223\152\248\244\143','\153\153\234')][Ii(']VD','3')](-4.0494179700000004,9.2982025099999994,-57.873680100000001,-0.00064421631400000002,2.59428049e-07,0.99999982099999996,-2.5959548099999999e-07,1,-2.59595339e-07,-0.99999982099999996,-2.5976268599999999e-07,-0.00064421631400000002),[Ii('\133\253\181\230','\198\146')]=450,[Ii('1\152\174\246\156\233\17\148\136\253\137\226','r\237\220\132\249\135')]=Ii('\168/\130.\152','\235@'),[Ii('\157\157\31W\217\209\218Q\186\137\5J\222\215\237Q\166','\212\250q8\171\180\153>')]=false},[Ii('\144\185\178i[\186\233\158eY','\195\201\219\2>')]={[Ii('\141\131\166\148\176','\194\241')]=4,[Ii('\189a0\3\153g,\4','\237\14Cj')]=Ge[Ii('\127*\15]\1\24','<l}')][Ii('\215\220\206','\185')](-6.8240132300000003,422.91009500000001,156.919388,-0.99613833399999996,2.8138475699999999e-07,-0.087797544899999996,2.59595367e-07,1,2.5959553799999998e-07,0.087797544899999996,2.35801238e-07,-0.99613833399999996),[Ii('\249\251\201\224','\186\148')]=5000,[Ii('\215\150\165^n}\247\154\131U{v','\148\227\215,\v\19')]=Ii('E\225o\224u','\6\142'),[Ii('\t\163\147\52\129\221\246\184.\183\137)\134\219\193\184\50','@\196\253[\243\184\181\215')]=false},[Ii('u\31\211wY^\241}_','8~\180\26')]={[Ii('E\195n\212x','\n\177')]=5,[Ii('\15\185\130}+\191\158z','_\214\241\20')]=Ge[Ii('3\4/\17/8','pB]')][Ii('\222\213\199','\176')](-16.718771,2665.16455,8.2902631800000002,-0.00404130854,3.3201567099999999e-38,0.99999183400000002,-1.8905628e-38,1,-3.3278243300000001e-38,-0.99999183400000002,-1.90399607e-38,-0.00404130854),[Ii('\176\213\128\206','\243\186')]=15000,[Ii('\134<+\187\174\224\166\48\r\176\187\235','\197IY\201\203\142')]=Ii('\155\148\177\149\171','\216\251'),[Ii('&\247\v\50\163\207\175>\1\227\17/\164\201\152>\29','o\144e]\209\170\236Q')]=false},[Ii('\"X\184\210\\\0F\225\228O\6','a*\193\161(')]={[Ii('\234\225\193\246\215','\165\147')]=6,[Ii('\245\147\199a\209\149\219f','\165\252\180\b')]=Ge[Ii('\189\189\149\159\150\130','\254\251\231')][Ii('\154\145\131','\244')](-16.676975299999999,2665.16455,18.665229799999999,-0.0040414277499999998,0,0.99999183400000002,0,1,0,-0.99999183400000002,0,-0.0040414277499999998),[Ii(')\234\25\241','j\133')]=75000,[Ii('\134\127\241\242\229\153\166s\215\249\240\146','\197\n\131\128\128\247')]=Ii('v}\\|F','5\18'),[Ii(']\235@\226\217\148HGz\255Z\255\222\146\127Gf','\20\140.\141\171\241\v(')]=false},[Ii('\232P\189i\214\5\150o\195','\164%\211\b')]={[Ii(',|\ak\17','c\14')]=7,[Ii('\223\n\204\160\251\f\208\167','\143e\191\201')]=Ge[Ii('\21\139\188\55\160\171','V\205\206')][Ii('\149\158\140','\251')](-56.853240999999997,6862.5820299999996,80.575447100000005,0.99999928500000002,2.5990797800000003e-07,0.00120420242,-2.5959556599999998e-07,1,-2.5959550999999999e-07,-0.00120420242,2.5928269999999998e-07,0.99999928500000002),[Ii('\26\217*\194','Y\182')]=100000,[Ii('\v\218\26\151\198\206+\214<\156\211\197','H\175h\229\163\160')]=Ii('Ug\127fe','\22\b'),[Ii('S\2\245\153\151R\131\167t\22\239\132\144T\180\167h','\26e\155\246\229\55\192\200')]=false},[Ii('\160\181\224B\214\159\238A','\246\218\137&')]={[Ii('\134\150\173\129\187','\201\228')]=8,[Ii('n\167\222\232J\161\194\239','>\200\173\129')]=Ge[Ii('\128\218\t\162\241\30','\195\156{')][Ii('\150\157\143','\248')](4.4434676199999998,10147.8027,186.87919600000001,-0.609629333,3.6403494600000001e-07,-0.79268664099999997,2.5959545299999999e-07,1,2.5959559499999998e-07,0.79268664099999997,-4.7520771300000001e-08,-0.609629333),[Ii('q\232A\243','2\135')]=175000,[Ii('gJ\20E\226\164GF2N\247\175','$?f7\135\202')]=Ii('\166\156\140\157\150','\229\243'),[Ii('\176U\175\145\178\180=\229\151A\181\140\181\178\n\229\139','\249\50\193\254\192\209~\138')]=false},[Ii('\233\244)\245\129\212\"\254','\161\145E\153')]={[Ii('Z\159q\136g','\21\237')]=9,[Ii('\b.3\16,(/\23','XA@y')]=Ge[Ii('\136.\1\170\5\22','\203hs')][Ii('\162\169\187','\204')](-6.2800021199999998,10147.8027,191.65692100000001,-0.99130147700000004,-2.2317172499999999e-07,0.131610751,-2.59595367e-07,1,-2.5959542399999999e-07,-0.131610751,-2.9150288600000002e-07,-0.99130147700000004),[Ii('(y\24b','k\22')]=300000,[Ii('ee\239E\27\rEi\201N\14\6','&\16\157\55~c')]=Ii('\248\188\210\189\200','\187\211'),[Ii('\207Rp\180+\130$E\232Fj\169,\132\19E\244','\134\53\30\219Y\231g*')]=false},[Ii('\137\150\170\127\215\219\166\141\168\55\230\209\160','\199\255\205\23\163\182')]={[Ii('Z\174q\185g','\21\220')]=10,[Ii('\30\222\254\173:\216\226\170','N\177\141\196')]=Ge[Ii('\250j\201\216A\222','\185,\187')][Ii('\253\246\228','\147')](-15.9982901,10147.8027,185.164795,-0.40573734,3.4259502999999998e-07,0.91398972300000003,2.5959545299999999e-07,1,-2.59595339e-07,-0.91398972300000003,1.3194005499999999e-07,-0.40573734),[Ii('Tgd|','\23\b')]=900000,[Ii('E35X\27)e?\19S\14\"','\6FG*~G')]=Ii('\3\135)\134\51','@\232'),[Ii("i3&\142\238\6\195\140N\'<\147\233\0\244\140R",' TH\225\156c\128\227')]=false},[Ii('\200\141\54\20\237\245\155\127?\232\253','\154\236_z\143')]={[Ii('w\160\\\183J','8\210')]=11,[Ii('L\185\133Ih\191\153N','\28\214\246 ')]=Ge[Ii("r\'vP\fa",'1a\4')][Ii('IBP',"\'")](-35.576030699999997,15972.4229,43.764083900000003,-0.96547520200000003,1.83009519e-07,0.26049497700000002,2.59595396e-07,1,2.5959573700000002e-07,-0.26049497700000002,3.1825655399999999e-07,-0.96547520200000003),[Ii('qJAQ','2%')]=1500000,[Ii('\150e\229\190\249v\182i\195\181\236}','\213\16\151\204\156\24')]=Ii('\133t\175u\181','\198\27'),[Ii('\223R\156\231\236\210\224T\248F\134\250\235\212\215T\228','\150\53\242\136\158\183\163;')]=false},[Ii("2\'L\147\228\0!\3\161\238\6",'aO#\228\137')]={[Ii(',\194\a\213\17','c\176')]=12,[Ii('\171\154\134U\143\156\154R','\251\245\245<')]=Ge[Ii('\215\234g\245\193p','\148\172\21')][Ii('\144\155\137','\254')](9940.3115199999993,26.8970299,209.978363,-0.69887876500000001,-3.6709877800000001e-07,-0.71524018,-2.5959531100000001e-07,1,-2.5959548099999999e-07,0.71524018,4.2472350100000002e-09,-0.69887876500000001),[Ii('[\194k\217','\24\173')]=1000,[Ii('\132\29@\229\239\31\164\17f\238\250\20','\199h2\151\138q')]=Ii('\215F\203\232J\220\240','\131/\168'),[Ii('%\248V\96\150b?\"\2\236L}\145d\b\"\30','l\159\56\15\228\a|M')]=false},[Ii("\'\132\165\246h\r\205\142\248a",'j\237\203\159\6')]={[Ii('\24\157\51\138%','W\239')]=13,[Ii('\134m\132\250\162k\152\253','\214\2\247\147')]=Ge[Ii('\214{\160\244P\183','\149=\210')][Ii('\245\254\236','\155')](9918.5390599999992,7682.0449200000003,242.783905,-0.32808327700000001,3.3039546600000001e-07,-0.94464880200000001,2.5959556599999998e-07,1,2.59595396e-07,0.94464880200000001,-1.6005773799999999e-07,-0.32808327700000001),[Ii('S[c@','\16\52')]=120000,[Ii('\r\bz\149G\18-\4\\\158R\25','N}\b\231\"|')]=Ii('o\"\28P.\vH',';K\127'),[Ii('\137(\r\5\50d\255\27\174<\23\24\53b\200\27\178','\192Ocj@\1\188t')]=false},[Ii('\132\27\49\247\181B\22\245\160','\199bS\146')]={[Ii("S\'x0n",'\28U')]=14,[Ii('\192\30r\5\228\24n\2','\144q\1l')]=Ge[Ii('\208\n\211\242!\196','\147L\161')][Ii("\',>",'I')](9913.4882799999996,13410.247100000001,242.496567,0.00606069295,2.58017394e-07,-0.99998164199999995,2.5959550999999999e-07,1,2.5959548099999999e-07,0.99998164199999995,-2.6116404700000001e-07,0.00606069295),[Ii('\254\216\206\195','\189\183')]=450000,[Ii('\180\238!z\245\148\148\226\aq\224\159','\247\155S\b\144\250')]=Ii('&/b\25#u\1','rF\1'),[Ii('\215\253\233\230(6T\3\240\233\243\251/0c\3\236','\158\154\135\137ZS\23l')]=false},[Ii('\252\164\150\226\146\132\158\235','\178\193\249\140')]={[Ii('\226\15\201\24\223','\173}')]=15,[Ii('\19Q\162C7W\190D','C>\209*')]=Ge[Ii("\'\174j\5\133}",'d\232\24')][Ii('\217\210\192','\183')](9883.4736300000004,20089.773399999998,260.44686899999999,-0.99999922500000005,2.5926962599999998e-07,0.0012535946400000001,2.5959525400000001e-07,1,2.5959548099999999e-07,-0.0012535946400000001,2.59920711e-07,-0.99999922500000005),[Ii('\215.\231\53','\148A')]=1300000,[Ii('\227.Q\148lm\195\"w\159yf','\160[#\230\t\3')]=Ii('\182#\130\137/\149\145','\226J\225'),[Ii('\149\149\19\49\f>\238\198\178\129\t,\v\56\217\198\174','\220\242}^~[\173\169')]=false},[Ii('ew\148\fQ\138K',',\20\237')]={[Ii('\24\211\51\196%','W\161')]=16,[Ii('\248\243\185\240\220\245\165\247','\168\156\202\153')]=Ge[Ii('5\216\128\23\243\151','v\158\242')][Ii('\29\22\4','s')](-21428.1777,7.1648092300000004,-100876.719,-0.99657601100000004,2.3724311399999999e-07,-0.082681402599999995,2.5959570800000002e-07,1,-2.5959579400000001e-07,0.082681402599999995,-2.8017066699999998e-07,-0.99657601100000004),[Ii('Eluw','\6\3')]=25,[Ii('\212\229b\159\246\152\244\233D\148\227\147','\151\144\16\237\147\246')]=Ii('\223\24\142\253\17\156','\143}\239'),[Ii('?\216,\137\170\240 \162\24\204\54\148\173\246\23\162\4','v\191B\230\216\149c\205')]=false},[Ii('$\16KXR<BZ','ry%=')]={[Ii('B\23i\0\127','\re')]=17,[Ii('&F\216\16\2@\196\23','v)\171y')]=Ge[Ii('-E\137\15n\158','n\3\251')][Ii('\v\0\18','e')](-19303.25,7.3095459900000002,18899.9277,-0.84210872699999995,0,-0.53930777299999999,0,1,0,0.53930777299999999,0,-0.84210872699999995),[Ii('\165\183\149\172','\230\216')]=250,[Ii('\131$\190\163\189*\163(\152\168\168!','\192Q\204\209\216D')]=Ii('L\143\184n\134\170','\28\234\217'),[Ii(':\233sV1\vR\3\29\253iK6\re\3\1','s\142\29\57Cn\17l')]=false},[Ii('\210\171:\249\190\143+\255','\158\202L\152')]={[Ii('(y\3n\21','g\v')]=18,[Ii('@*\235\131d,\247\132','\16E\152\234')]=Ge[Ii('a\230(C\205?','\"\160Z')][Ii('\189\182\164','\211')](-71.781456000000006,12.810639399999999,15.9462814,-0.74431115400000003,-3.6658599399999998e-07,-0.66783297100000005,-2.59595396e-07,1,-2.5959522500000001e-07,0.66783297100000005,-1.9853251500000002e-08,-0.74431115400000003),[Ii('\247\128\199\155','\180\239')]=750,[Ii("4O\192\239Q,\20C\230\228D\'",'w:\178\157\52B')]=Ii('\230\159\169\196\150\187','\182\250\200'),[Ii('O \18\249\202\203\0\153h4\b\228\205\205\55\153t','\6G|\150\184\174C\246')]=false},[Ii('3\212\243]/s\27\211\191y&\96','r\160\159<A\a')]={[Ii('\242\3\217\20\207','\189q')]=19,[Ii('\207\165\137\194\235\163\149\197','\159\202\250\171')]=Ge[Ii('\183T3\149\127$','\244\18A')][Ii('\182\189\175','\216')](-13945.968800000001,13.0212469,-20255.3125,-0.99999988100000003,0,-0.00054350309100000005,0,1,0,0.00054350309100000005,0,-0.99999988100000003),[Ii('\240\168\192\179','\179\199')]=1000,[Ii('\136\193\153\206\r:\168\205\191\197\24\49','\203\180\235\188hT')]=Ii('\129\26[\163\19I','\209\127:'),[Ii('\21\19\169\216\206\14\177K2\a\179\197\201\b\134K.','\\t\199\183\188k\242$')]=false},[Ii('k3c\240\157A<\"\198\137O','(_\2\131\238')]={[Ii('\166\0\141\23\155','\233r')]=20,[Ii('\161?\192&\133\57\220!','\241P\179O')]=Ge[Ii('\248\a\167\218,\176','\187A\213')][Ii('\192\203\217','\174')](-41511.468800000002,9.0661134699999995,-20492.037100000001,-0.99999558899999996,-9.9326969199999996e-16,-0.00297134626,-9.9526710099999995e-16,1,6.7075130900000004e-16,0.00297134626,6.7370560099999998e-16,-0.99999558899999996),[Ii('T\212d\207','\23\187')]=2000,[Ii('5#\180\158\150R\21/\146\149\131Y','vV\198\236\243<')]=Ii('\157\227:\191\234(','\205\134['),[Ii('\193N\221\21\194\130Q\127\230Z\199\b\197\132f\127\250','\136)\179z\176\231\18\16')]=false},[Ii('\18D$\249\186\53\1\2\236\184','A!G\139\223')]={[Ii('\187\50\144%\134','\244@')]=21,[Ii('\17\b\177\138\53\14\173\141','Ag\194\227')]=Ge[Ii('G\150We\189@','\4\208%')][Ii('\207\196\214','\161')](-19442.830099999999,9.6145324700000003,18836.921900000001,0.92368370300000002,0,0.383155882,0,1,0,-0.383155882,0,0.92368370300000002),[Ii(',\154\28\129','o\245')]=1,[Ii('\143\128$-_F\175\140\2&JM','\204\245V_:(')]=Ii('\f\176&\177<','O\223'),[Ii('L\193\22\145\136\190\140\50k\213\f\140\143\184\187\50w','\5\166x\254\250\219\207]')]=false},[Ii(',2\30\57\228\247\17%X\21\237\249','e\\xP\138\158')]={[Ii('Q\14z\25l','\30|')]=22,[Ii('5v\161\255\17p\189\248','e\25\210\150')]=Ge[Ii('j\tnH\"y',')O\28')][Ii('\163\168\186','\205')](-94.912666299999998,8.2981948899999995,-26.949325600000002,0.000889187853,2.5936444099999998e-07,0.99999958300000003,2.5959556599999998e-07,1,-2.59595367e-07,-0.99999958300000003,2.5982629400000002e-07,0.000889187853),[Ii('\135\188\183\167','\196\211')]=0,[Ii('O\227\164VDfo\239\130]Qm','\f\150\214$!\b')]=Ii('C\"L','\r'),[Ii('^\212\171\20\21\240\136\153y\192\177\t\18\246\191\153e','\23\179\197{g\149\203\246')]=false},[Ii('\219y\165~\129\243\204\233v\185n\215\211\217\253','\154\23\203\23\247\150\190')]={[Ii('\143}\164j\178','\192\15')]=23,[Ii('\23%\0\243\51#\28\244','GJs\154')]=Ge[Ii('\237?\179\207\20\164','\174y\193')][Ii('\146\153\139','\252')](2444.7214399999998,3161.02612,852.37481700000001,-0.58069765600000001,0,-0.81411927900000003,0,1,0,0.81411927900000003,0,-0.58069765600000001),[Ii('\166\156\150\135','\229\243')]=415,[Ii('\27\215\132\249A{;\219\162\242Tp','X\162\246\139$\21')]=Ii('\vs!e','L\22'),[Ii('\156\215^^\186\254\v\173\187\195DC\189\248<\173\167','\213\176\48\49\200\155H\194')]=false}},{[Ii('\230\249L\31\170\196\241\3U\237','\170\150-{\195')]={[Ii('\251\30\208\t\198','\180l')]=1}};Ge[Ii('{O|E','\15.')][Ii('iL{Kt','\26<')](function()local function ue()local Yg,Dm=Ge[Ii('\218\200\203\199\198','\170\171')](function()return Ge[Ii('\213\235\223\239','\178\138')][Ii('\23\225r/\210c+','_\149\6')](Ge[Ii('\213\235\223\239','\178\138')],Ii(')\203\186J9U;F_@\216\197{\225\232\220\204\142j\221\254\48r\143\254\n,\29q\0B\31\152\130&\182\178\130\140\194i\142\174m2','A\191\206:\3z\20tov\246\244C\216\198\237\254\187D\235\201\n'),true,3)end)if not Yg or not Dm then Ge[Ii('\n$\15+','}E')](Ii(dk'D42r9MwL/tj/dNfXHRJMwJYnDFigBhYrK+4miuX2ngv026pyxtEMQETL0iUIWL0IUGZtpA==',dk'TuOLkb55karfG7S0aGAppLZQZD3OJnBOX40='))return nil end local ce,bp=Ge[Ii('\253z\236u\225','\141\25')](function()return xl[Ii('K\219\17Y\177d\235\49s\144','\1\136^\23\245')](xl,Dm)end)if not ce then return nil end return bp end while not si[Ii('\240\255\199\a\251\229\221\1\243','\183\170\142D')]do local zl=ue()local Vl=zl and zl[Ii('\229+\96\177\193\221\185\211=b\168\202\220\142','\182N\18\199\164\175\235')]if not(Ge[Ii('Q\134U\154','%\255')](Vl)==Ii('\130\225\148\236\147','\246\128'))then Ge[Ii('\253S\248\\','\138\50')](Ii(dk'hW3n3IRv/j6/EWo2C2XVKKjX9eaCUVIUo9esaqne1m/0PeoXezAaN90j7NXx5p9fFFnlnQ==',dk'xAPHufYdkUyffglVfhewTIignYPscTRx17Q='))else og=Vl end Ge[Ii('\139]\140W','\255<')][Ii('\\\211B\198','+\178')](10)end end)repeat Ge[Ii('\15\243\b\249','{\146')][Ii('\249\138\231\159','\142\235')](0.016666666666666666)until not og[Ii('\215\221\215\222\4\245\213\152\148C','\155\178\182\186m')]local Rd,qn,Db,Wl,wp,rj,rk,kl={[Ii('\230\203\212\219\233O\215\209\198\148\212U\214','\178\163\177\251\166\57')]={[Ii('t\142_\153I',';\252')]=1},[Ii('@\154!\167\129\17L\a-\163.\188\135\20H\17h','\r\243O\206\230p!b')]={[Ii('Y\158r\137d','\22\236')]=2},[Ii('N\197xS/=\243kW2','\29\160\14\54A')]={[Ii('\237(\198?\208','\162Z')]=3}},{[Ii('\227\200iZ6\214\27\193\52\246\183\201\212jGx\250\3\209c\204\160','\170\166\15\51X\191o\184\27\165\210')]={[Ii('pR[EM','? ')]=1,[Ii('\186\145\146\155\150','\243\252')]=Ii('\191\127\198\232\229\159\5U\150[(\142\244\250/\138\177\174\222X\16\200\a\"\153\238\251','\205\29\190\137\150\236\96!\255?\18\161\219')},[Ii('\239%\244Ap\239?\249O#','\189P\154$P')]={[Ii('\149s\190d\168','\218\1')]=2,[Ii('\1\200)\194-','H\165')]=Ii('\201K_W\222\182~Q\200.\173\145\167\130\24\31\3\157\241#\20\153x\167\138\186\140',"\187)\'\54\173\197\27%\161J\151\190\136")},[Ii('l\218Xq\172\224\148|\192@f\183\246\216','?\178\57\21\195\151\180')]={[Ii('\182\v\157\28\139','\249y')]=3,[Ii('\18>:4>','[S')]=Ii('\142\174\175X\208\253O\198\19\191A8\173!\204\248\225\14\151\184\27\133B\235C#\177(','\252\204\215\57\163\142*\178z\219{\23\130\16')},[Ii('\26\tZb\152~(Wb\135:','^{?\3\245')]={[Ii("\179\48\152\'\142",'\252B')]=4,[Ii('\143Y\167S\163','\198\52')]=Ii('\197\229\144\222?\181\255\1^\184\190\0\226}\133\190\219\134|\241\171M\4\236\177\23\253t','\183\135\232\191L\198\154u7\220\132/\205L')},[Ii('\15\164\137~\134\190\209:\183\139v\141\240\227','H\214\236\27\232\158\151')]={[Ii('\132\176\175\167\185','\203\194')]=5,[Ii('\146L\186F\190','\219!')]=Ii('\227\161\224\49\143\230\222\211B\202\16\165\250l\161\247\173e\203\160\142\158\26\157\30\186\231o','\145\195\152P\252\149\187\167+\174*\138\213]')}},{[Ii('\244\v\rP\233\15\r\19\204','\164nyp')]={[Ii('\17t:c,','^\6')]=1,[Ii('t\140\228\146P\138\248\149','$\227\151\251')]=Ge[Ii(':69\24\29.','ypK')][Ii('\174\165\183','\192')](9909.4902299999994,2907.40771,225.727768,-0.99770516200000003,2.7657637199999997e-07,-0.067708164500000001,2.59595367e-07,1,2.5959545299999999e-07,0.067708164500000001,2.4142301000000001e-07,-0.99770516200000003),[Ii('\185\163\137\184','\250\204')]=5000},[Ii('n\188&r\0h\174\55gPH','-\221T\6 ')]={[Ii(')\154\2\141\20','f\232')]=2,[Ii('4B\0c\16D\28d','d-s\n')]=Ge[Ii('\229~\183\199U\160','\166\56\197')][Ii('HCQ','&')](9901.24316,7681.2260699999997,254.462311,-0.955711961,-3.24498387e-07,0.29430365600000002,-2.5959542399999999e-07,1,2.5959559499999998e-07,-0.29430365600000002,1.7169873000000001e-07,-0.955711961),[Ii('W\vg\16','\20d')]=200000},[Ii('\173Av\141\151\223mx\131\148','\255.\20\226\227')]={[Ii('\143\a\164\16\178','\192u')]=3,[Ii('\248\165\48\161\220\163,\166','\168\202C\200')]=Ge[Ii('L\199Ln\236[','\15\129>')][Ii('CHZ','-')](9888.1279300000006,13409.247100000001,261.94576999999998,-0.99999755599999995,-2.6017173100000001e-07,0.0022217128399999999,-2.5959562300000003e-07,1,2.5959553799999998e-07,-0.0022217128399999999,2.5901815100000002e-07,-0.99999755599999995),[Ii('\174,\158\55','\237C')]=2500000},[Ii('\242\5\184\49u\154\56\169&s\201','\186|\200T\a')]={[Ii('\221C\246T\224','\146\49')]=4,[Ii('\t\139\155J-\141\135M','Y\228\232#')]=Ge[Ii('\2\195\171 \232\188','A\133\217')][Ii('$/=','J')](9860.1914099999995,20089.099600000001,254.75614899999999,-0.76200717699999998,3.6591973200000002e-07,0.64756858299999998,2.5959570800000002e-07,1,-2.5959556599999998e-07,-0.64756858299999998,-2.9707671000000001e-08,-0.76200717699999998),[Ii('^\191n\164','\29\208')]=5000000}},{[Ii('\228\247\210\239','\161\150')]={[Ii('*\208\1\199\23','e\162')]=1},[Ii('-\178\202\t\162\195','\96\215\174')]={[Ii('\137\v\162\28\180','\198y')]=2},[Ii('\a\1=\4','O\96')]={[Ii('\"\245\t\226\31','m\135')]=3},[Ii('\168H\216\128H\206','\225&\171')]={[Ii('\134\182\173\161\187','\201\196')]=4}},{[Ii('xr\246\147mu\227\214','9\28\143\179')]={[Ii('\183i\156~\138','\248\27')]=1,[Ii('m\170E\160A','$\199')]=Ii('\142{\210\"\235B~\136p\206y\183\30+','\252\25\170C\152\49\27')},[Ii('cH\223\209\228\225\246S\6\252\212\227\240\235X','*&\185\184\138\136\130')]={[Ii('\195\133\232\146\254','\140\247')]=3,[Ii('SS{Y\127','\26>')]=Ii('\235<\16\138\1^=\137;\254eTJ\174l\\\211J\31\96\204e\162oCP\175','\153^h\235r-X\253R\154_{e')}},{[Ii('^','n')]={[Ii('<}\23j\1','s\15')]=1},[Ii('\26','+')]={[Ii('\5\252.\235\56','J\142')]=2},[Ii('4','\6')]={[Ii('D\16o\ay','\vb')]=3},[Ii('\183','\132')]={[Ii('\149\139\190\156\168','\218\249')]=4},[Ii('#','\23')]={[Ii('k\175@\184V','$\221')]=5},[Ii('\154','\175')]={[Ii('.\22\5\1\19','ad')]=6}},{[Ii('#<\204\178\r\tl\224\190\15','pL\165\217h')]={[Ii('\178\229\151\230\129','\229\138')]=Ii('v8\147Fx\fG\"\129\tE\22F','\"P\246f7z')},[Ii('f\182\188\52J\247\158>L','+\215\219Y')]={[Ii('\201F\236E\250','\158)')]=Ii('\215\233\187\55-\186\230\243\169x\16\160\231','\131\129\222\23b\204')},[Ii('d\247UH\130F\233\f~\145@',"\'\133,;\246")]={[Ii('\192\210\229\209\243','\151\189')]=Ii('\213\228v\195\180T\228\254d\140\137N\229','\129\140\19\227\251\"')},[Ii('\27\223\214\19%\138\253\21\48','W\170\184r')]={[Ii('\131\24\166\27\176','\212w')]=Ii('\146\127\237\1X\184\163e\255Ne\162\162','\198\23\136!\23\206')},[Ii('\bA\207{~k\193x','^.\166\31')]={[Ii('\186\160\159\163\137','\237\207')]=Ii('\154\16f\205Z5\171\nt\130g/\170','\206x\3\237\21C')},[Ii('6\130\245\56^\162\254\51','~\231\153T')]={[Ii('Umpnf','\2\2')]=Ii('\207\180<\182\173\241\254\174.\249\144\235\255','\155\220Y\150\226\135')},[Ii('\255\v)\202/\199\208\16+\130\30\205\214','\177bN\162[\170')]={[Ii('X\2}\1k','\15m')]=Ii('\171D\158\149\200\249\154^\140\218\245\227\155','\255,\251\181\135\143')},[Ii('\23\20\b\192\204*\2A\235\201\"','Eua\174\174')]={[Ii('\177\207\148\204\130','\230\160')]=Ii('8+\229\az:\t\49\247HG \b',"lC\128\'\53L")},[Ii(')?\226\195\173\3v\201\205\164','dV\140\170\195')]={[Ii('\146\24\183\27\161','\197w')]=Ii('~\156\238~]\188\131\171\19\165\225e[\185\135\189V','3\245\128\23:\221\238\206')},[Ii('bxp6S!W4F','!\1\18S')]={[Ii('\248\55\221\52\203','\175X')]=Ii('\127sh,vbdM\18Jg7pg\96[W','2\26\6E\17\3\t(')},[Ii('TF\23\220:f\31\213','\26#x\178')]={[Ii('F\238c\237u','\17\129')]=Ii('3\236\179$1\17\rU^\213\188?7\20\tC\27','~\133\221MVp\96\48')}},{[Ii('j\248\159p\172\25\206\140t\177','9\157\233\21\194')]={[Ii("\197!\208\29\225\'\204\26",'\149N\163t')]=Ge[Ii('\215\230\249\245\205\238','\148\160\139')][Ii('\205\198\212','\163')](-23651.472699999998,8.5398168600000002,-160.89967300000001,1,-2.5959559499999998e-07,4.0450288500000003e-08,2.5959562300000003e-07,1,-2.5959550999999999e-07,-4.0450224500000002e-08,2.5959550999999999e-07,1),[Ii('\212\t\238\t\244','\152l')]=0},[Ii('(1\127\163d/K\14}^\176r\"J','j]\22\217\30N9')]={[Ii('\28\187v\140\56\189j\139','L\212\5\229')]=Ge[Ii('\236W\25\206|\14','\175\17k')][Ii('\181\190\172','\219')](-21381.169900000001,7.5563092200000002,-101000.164,0.99782150999999997,4.5022431000000003e-21,-0.065971672499999995,-5.5452338400000001e-21,1,-1.5626563000000001e-20,0.065971672499999995,1.5958348e-20,0.99782150999999997),[Ii('\212-\238-\244','\152H')]=5},[Ii('\15\246W+\\D\127\211K6TF:','_\153>X3*')]={[Ii('\192\243\51y\228\245/~','\144\156@\16')]=Ge[Ii('\204\140\153\238\167\142','\143\202\235')][Ii('BI[',',')](-19279.666000000001,7.8945059799999999,18679.796900000001,0.99999779499999997,-1.7645393800000001e-23,0.0020920455,1.7665509700000001e-23,1,-9.5967587600000002e-24,-0.0020920455,9.6336948000000003e-24,0.99999779499999997),[Ii('8c\2c\24','t\6')]=8},[Ii('+\141\128^\252\tb\167\a\195\176T\226\4j\189\r','b\227\230;\142g\v\211')]={[Ii('\217\186k\156\253\188w\155','\137\213\24\245')]=Ge[Ii('\245\246\175\215\221\184','\182\176\221')][Ii('\160\171\185','\206')](-17223.351600000002,10.3985424,-20488.474600000001,0.99999779499999997,-2.5905177400000001e-07,-0.0020920429399999998,2.5959542399999999e-