local Xd=(getfenv())local Tj,ig,Ma=(string.char),(string.byte),(bit32 .bxor)local Oa=function(cb,Bn)local Od=''for sn=240,(#cb-1)+240 do Od=Od..Tj(Ma(ig(cb,(sn-240)+1),ig(Bn,(sn-240)%#Bn+1)))end return Od end local ra,zb=(string.gsub),(string.char)local Xm=(function(vm)vm=ra(vm,'[^ABCDEFGHIJKLMNOPQRSTUVWXYZabcdefghijklmnopqrstuvwxyz0123456789+/=]','')return(vm:gsub('.',function(uc)if(uc=='=')then return''end local rn,X='',(('ABCDEFGHIJKLMNOPQRSTUVWXYZabcdefghijklmnopqrstuvwxyz0123456789+/'):find(uc)-1)for Km=6,1,-1 do rn=rn..(X%2^Km-X%2^(Km-1)>0 and'1'or'0')end return rn end):gsub('%d%d%d?%d?%d?%d?%d?%d?',function(_i)if(#_i~=8)then return''end local g=0 for Jc=1,8 do g=g+(_i:sub(Jc,Jc)=='1'and 2^(8-Jc)or 0)end return zb(g)end))end)if not Xd[Oa('\233\177\227\181','\142\208')][Oa('4\208S\188\28\199z\183','}\163\31\211')](Xd[Oa('\233\177\227\181','\142\208')])then Xd[Oa('\160Q\170U','\199\48')][Oa('\195\151\53\235\157\48','\143\248T')][Oa('\190\162\128\183','\233\195')](Xd[Oa('\160Q\170U','\199\48')][Oa('\195\151\53\235\157\48','\143\248T')])end if Xd[Oa('\160\4\170\0','\199e')][Oa('\189\250\f\142\243$\137','\237\150m')]~=85896571713843 then return end local e_=Xd[Oa('\200\242\194\246','\175\147')][Oa('\191[\231\187h\138H\250\139h','\248>\147\232\r')](Xd[Oa('\200\242\194\246','\175\147')],Oa('\133\255\161\172\246\178\166','\213\147\192'))local yb,Md,Sh,we,Em,G,Cn,Xe,Ie,hf,Mh,_g,Lc=e_[Oa('\249\230\53u\181\229\229\55m\188\199','\181\137V\20\217')],Xd[Oa('?\235\53\239','X\138')][Oa('\153q\246\1\239\172b\235\49\239','\222\20\130R\138')](Xd[Oa('?\235\53\239','X\138')],Oa('\247V,\169r\179\198S?\165\127\133','\163!I\204\28\224')),Xd[Oa('\222:\212>','\185[')][Oa('B\a\186Z\192w\20\167j\192','\5b\206\t\165')](Xd[Oa('\222:\212>','\185[')],Oa('\135\31B\27e\188\171\200\166?B\27Z\187\184\216',"\210l\'i,\210\219\189")),Xd[Oa('kvar','\f\23')][Oa('&9\20\252&\19*\t\204&','a\\\96\175C')](Xd[Oa('kvar','\f\23')],Oa('t\157q\213\229A\158q\229\229','3\232\24\134\128')),Xd[Oa('MAGE','* ')][Oa('.\18H\253\152\27\1U\205\152','iw<\174\253')](Xd[Oa('MAGE','* ')],Oa('\n\132\252l\241*\135\251\\\241','X\241\146?\148')),Xd[Oa('\4p\14t','c\17')][Oa('0D6\133\243\5W+\181\243','w!B\214\150')](Xd[Oa('\4p\14t','c\17')],Oa('\24h\158\132M5n\156\157}5','P\28\234\244\30')),Xd[Oa('\20\235\30\239','s\138')][Oa('\168\186\188\137\144\157\169\161\185\144','\239\223\200\218\245')](Xd[Oa('\20\235\30\239','s\138')],Oa('\147\55\144\159M\179\199\153\164\54\179\135K\162\199\138\164','\193R\224\243$\208\166\237')),Xd[Oa('<\217\54\221','[\184')][Oa('\145n5\205\243\164}(\253\243','\214\vA\158\150')](Xd[Oa('<\217\54\221','[\184')],Oa('\28\164\134\230\244\5uD\n\229\54\164\134\193\244\15wl\n\244','_\203\232\146\145}\1\5i\145')),Xd[Oa('K\240A\244',',\145')][Oa('\136\255\205\201\182\189\236\208\249\182','\207\154\185\154\211')](Xd[Oa('K\240A\244',',\145')],Oa('U\203\177nm\203\184a','\25\162\214\6')),Xd[Oa('\223\204\213\200','\184\173')][Oa('\222\170\152\182\185\235\185\133\134\185','\153\207\236\229\220')](Xd[Oa('\223\204\213\200','\184\173')],Oa('\r\t\247R\148:\f\208U\132)','[\96\133&\225')),Xd[Oa('t?~;','\19^')][Oa('E\245\218\250\np\230\199\202\n','\2\144\174\169o')](Xd[Oa('t?~;','\19^')],Oa('P\129v\177\222\187s\233\163v\157p\136\202\180~\199\168t','\6\232\4\197\171\218\31\160\205')),Xd[Oa('\150\129\156\133','\241\224')][Oa('\f\56\"H\127\57+?x\127','K]V\27\26')](Xd[Oa('\150\129\156\133','\241\224')],Oa('4\242\140\18\218\139\55\20\196\133\5\220\141&\5','\96\151\224w\170\228E')),Xd[Oa('4\30\199Z\28\30\215K','}p\180.')][Oa('\166\173\191','\200')](Oa('\149\199U>\163\202\96.\175',"\198\164\'["),Xd[Oa('E\147O\151','\"\242')][Oa('\238\147\200\199\154\219\205','\190\255\169')][Oa("\'\170\23\21\t;\169\21\r\0\25",'k\197tte')][Oa('(\202\140P\31\14\r\232\141M5\5','\127\171\229$Ya')](Xd[Oa('E\147O\151','\"\242')][Oa('\238\147\200\199\154\219\205','\190\255\169')][Oa("\'\170\23\21\t;\169\21\r\0\25",'k\197tte')],Oa('\"\b\149|\23\22\179p\27','rd\244\5')));Lc[Oa('\183\210\148\214','\249\179')]=Oa('F\136\150\255\173\245x\169\225Y\187\161\222\217\167W\179\226','\20\222\207\171\157\194\53\198\133');Lc[Oa('X\170\214$\222\49e\140\215\48\215\"','\28\195\165T\178P')]=999;Lc[Oa('\170\188\138\133p\1J\150\178\173\132q\1y','\227\219\228\234\2d\r')]=true;Lc[Oa('@\244\155\231\198I|\194\152\227\197h','\18\145\232\130\178\6')]=false local gk=Xd[Oa('p\27g\141X\27w\156','9u\20\249')][Oa('\194\201\219','\172')](Oa('\183\189\144\162\148','\241\207'),Lc);gk[Oa('j\180C\184','9\221')]=Xd[Oa('\227\181\223\156\132','\182\241')][Oa('\215\220\206','\185')](1,0,1,0);gk[Oa('\21a\206G1g\210@','E\14\189.')]=Xd[Oa('\234\51\214\26\141','\191w')][Oa('mft','\3')](0,0,0,1);gk[Oa('m(\131\234\49\164\187o5\240V](\142\242&\183\166\127\53\247{','/I\224\129V\214\212\26[\148\2')]=1;gk[Oa('+@\159\21l\137','q\t\241')]=969;gk[Oa('\230\n\213\206\31\196','\167i\161')]=true;gk[Oa('\176f\b\133\56\151b\6\140>','\227\3d\224[')]=true local je,Qc,ze,kk={},{},{[Oa('\251\199VdM\242\211Vh\5','\186\178\"\vm')]=0,[Oa('g\161\247\216b\v\168H\189\228\214/#\178','&\212\131\183BF\193')]=0,[Oa('\179\148\204<\18w\t\147\147\220\52SX\3','\242\225\184S25f')]=0,[Oa('\233\17[8T\254|\197Dh2\26\208|','\168d/Wt\185\25')]=0,[Oa('^\162\143\a\161\4v\164\147\1\239%','\31\215\251h\129B')]=0,[Oa('2D\133?\152y\243\141\30\17\161\57\219T\231\143\0','s1\241P\184?\146\255')]=0},{[Oa('\156\163\251\169\242\149\183\251\165\186','\221\214\143\198\210')]=false,[Oa('/\239\57\30\157B\186\0\243*\16\208j\160','n\154Mq\189\15\211')]=false,[Oa('\159\166\176\51\26\191D\191\161\160;[\144N','\222\211\196\\:\253+')]=false,[Oa('\254[z\3DF\18\210\14I\t\nh\18','\191.\14ld\1w')]=false,[Oa('\229p\6\203_k\205v\26\205\17J','\164\5r\164\127-')]=false,[Oa('73\223\150\237\50\237\243\27f\251\144\174\31\249\241\5','vF\171\249\205t\140\129')]=false};Em[Oa('\130v\136|\183\6\131g\131h\162\17\180','\208\19\230\24\210t')][Oa('\214\52-\251> \225','\149[C')](Em[Oa('\130v\136|\183\6\131g\131h\162\17\180','\208\19\230\24\210t')],function()for lg,Um in Xd[Oa('V\128O\147U','&\225')](ze)do if je[lg]and not kk[lg]then ze[lg]=Xd[Oa('\205\241\218\243','\185\152')]()end end if not(je[Oa('qjW\195-\96|U]?s\197nMhWC',"0\31#\172\r&\29\'")]and not kk[Oa("J\16\17\'\14\237\18\161fE5!M\192\6\163x",'\veeH.\171s\211')])then else je[Oa('\136m\155\250\195\129y\155\246\139','\201\24\239\149\227')]=false;je[Oa('\247TX\137=\141\127\216HK\135p\165e','\182!,\230\29\192\22')]=false;je[Oa('\17\14\4\187\232%\251\49\t\20\179\169\n\241','P{p\212\200g\148')]=false;je[Oa('\197G\232\202\50\vT\233\18\219\192|%T','\132\50\156\165\18L1')]=false;je[Oa('\129\238\15\229\127\190\169\232\19\227\49\159','\192\155{\138_\248')]=false end if not((je[Oa('\149\159P\19\224\156\139P\31\168','\212\234$|\192')]and not kk[Oa('\159b\234\191\174\150v\234\179\230','\222\23\158\208\142')])or(je[Oa('\146f@\254)d/\189zS\240dL5','\211\19\52\145\t)F')]and not kk[Oa('\21]\"\188\215<4:A1\178\154\20.','T(V\211\247q]')])or(je[Oa(']\135\226\141\128\245\f}\128\242\133\193\218\6','\28\242\150\226\160\183c')]and not kk[Oa('\203g\163%\239~6\235\96\179-\174Q<','\138\18\215J\207<Y')])or(je[Oa('\17\151\194_A\245i=\194\241U\15\219i','P\226\182\48a\178\f')]and not kk[Oa('yw}\23\202\56\212U\"N\29\132\22\212','8\2\tx\234\127\177')])or(je[Oa('\183\24\144\155\137o\159\30\140\157\199N','\246m\228\244\169)')]and not kk[Oa('P\131\174^\161\147x\133\178X\239\178','\17\246\218\49\129\213')]))then else je[Oa('g\249,\b\19E\196\149K\172\b\14Ph\208\151U','&\140Xg3\3\165\231')]=false end if not((je[Oa('\238oG\175D\236\201\194:t\165\n\194\201','\175\26\51\192d\171\172')]and not kk[Oa('{\206\253\154\150\51\27W\155\206\144\216\29\27',':\187\137\245\182t~')])or(je[Oa('w\143\142\214s~\155\142\218;','6\250\250\185S')]and not kk[Oa('8\215\229\52\50\49\195\229\56z','y\162\145[\18')])or(je[Oa('?f\179D\249\223k\16z\160J\180\247q','~\19\199+\217\146\2')]and not kk[Oa('\253%\re\152\221\53\210\57\30k\213\245/','\188Py\n\184\144\\')])or(je[Oa('\2:\181\142}\142*<\169\136\51\175','CO\193\225]\200')]and not kk[Oa('-\175s\28\247\146\5\169o\26\185\179','l\218\as\215\212')]))then else je[Oa('\176\134\50\28^\242\54\144\129\"\20\31\221<','\241\243Fs~\176Y')]=false end if not(je[Oa('\27\180\212\173Kg3\178\200\171\5F','Z\193\160\194k!')]and not kk[Oa(' \154\161\30\26b\b\156\189\24TC','a\239\213q:$')])then else je[Oa('{E\154\143CrQ\154\131\v',':0\238\224c')]=false;je[Oa('\v\199\207I\219\166\179$\219\220G\150\142\169','J\178\187&\251\235\218')]=false;je[Oa('\242\3\0$\233\218\21\210\4\16,\168\245\31','\179vtK\201\152z')]=false;je[Oa('\138\27ozQ\191s\166N\\p\31\145s','\203n\27\21q\248\22')]=false end if not((je[Oa('\129\188=F\191\136\168=J\247','\192\201I)\159')]and not kk[Oa(';\246\157\252$2\226\157\240l','z\131\233\147\4')])or(je[Oa("\148i\170)\204\254\53\187u\185\'\129\214/",'\213\28\222F\236\179\\')]and not kk[Oa("\190\29\189\'\171\"I\145\1\174)\230\nS",'\255h\201H\139o ')])or(je[Oa('\24\21\v[\25V\159\52@8QWx\159','Y\96\127\52\57\17\250')]and not kk[Oa('\244\205\201\190#\200\165\216\152\250\180m\230\165','\181\184\189\209\3\143\192')])or(je[Oa('h\23x\236$\160\190H\16h\228e\143\180',')b\f\131\4\226\209')]and not kk[Oa('\214\56E\231\243\220s\246?U\239\178\243y','\151M1\136\211\158\28')]))then else je[Oa('\158T\0\226\227\214\182R\28\228\173\247','\223!t\141\195\144')]=false end if je[Oa('PC\201\r\139\183\tpD\217\5\202\152\3','\17\54\189b\171\245f')]then je[Oa('9\254X\177\205\224\242\21\171k\187\131\206\242','x\139,\222\237\167\151')]=false;je[Oa('\14\165\191\129\152\a\177\191\141\208','O\208\203\238\184')]=false;je[Oa('i}\191\200\217\250\52Fa\172\198\148\210.','(\b\203\167\249\183]')]=false end if je[Oa('\146/\205\184C\155;\205\180\v','\211Z\185\215c')]and je[Oa('G\175]%\226\130Lh\179N+\175\170V','\6\218)J\194\207%')]then if ze[Oa('df\203\141amr\203\129)','%\19\191\226A')]>ze[Oa('\210\236*\207^\167\206\253\240\57\193\19\143\212','\147\153^\160~\234\167')]then je[Oa('\31c\145\t\164\147\50\48\127\130\a\233\187(','^\22\229f\132\222[')]=false else je[Oa('}\174\138\180\145t\186\138\184\217','<\219\254\219\177')]=false end end for Wl,zn in Xd[Oa('i/p<j','\25N')](kk)do kk[Wl]=je[Wl]end end);yb[Oa('\205Yq\251\248GW\247\244','\157\53\16\130')][Oa('\150\204\160\182O\148\192\173\191O','\213\164\201\218+')][Oa('\155\193\245\182\203\248\172','\216\174\155')](yb[Oa('\205Yq\251\248GW\247\244','\157\53\16\130')][Oa('\150\204\160\182O\148\192\173\191O','\213\164\201\218+')],function()local Ml=yb[Oa('\250\53\190\210\207+\152\222\195','\170Y\223\171')][Oa('\173-e\171\161\214\30\152\48H\167\142\211\b','\235D\v\207\231\191l')](yb[Oa('\250\53\190\210\207+\152\222\195','\170Y\223\171')],Oa('\5\161\17\214i\215\26\152,\207<\142\"','W\247H\130Y\224'))if Ml then Ml[Oa('\16\t\176\247\195\227-/\177\227\202\240','T\96\195\135\175\130')]=9999 end end)local Wn=Cn[Oa('\n\226\195:\148qi?\255\238\54\187t\127','L\139\173^\210\24\27')](Cn,Oa('\174\137\3\14\159\151\130\20\18\174\138','\239\231wg\218'))if Wn then Xd[Oa('C\237F\226','4\140')](Xd[Oa('\234\28n\240\6{','\153h\28')][Oa('\129\209\226\138\223\228','\231\190\144')](Oa(Xm'scq1a+LD7u99xIKf15SWaeJ9yRo1/VXJQsyOQvPI/JOoL4Wf+XRG0rCbxIbyzFqqkarpKeOh4r7xr3Xie4c7dOFXnkqdkkuy1vKJ7G6Kn/1mSsL+no8=',Xm'45zsP9L0yZxdhsXMnrTXHJYS6VxUjzjpaun9a9OgneCITuntnBUiq5D5oQ=='),Oa('\23\55UR+H','a\5{')));Lc[Oa('W\r\2g\26\30j','\19hq')](Lc)return end Xd[Oa('G\199^\219C','7\181')](Xd[Oa('\253\162\154\231\184\143','\142\214\232')][Oa('\nig\1ga','l\6\21')](Oa("\133\6\203\213\b=-\a\'|\240\\\228\182\226\175\48\165\56\14\159T\186p\186\164K#*\29t\30\217\96\218\182\209\175*\164q&\153\b",'\215P\146\129\56\n\nt\a>\183\15\173\150\163\218D\202\24H\254&'),Oa('\206\14<\139\18!','\184<\18')));Xd[Oa('=\185:\179','I\216')][Oa('S\131A\132N',' \243')](function()while not je[Oa('\140\231\175\254\135\253\181\248\143','\203\178\230\189')]do local Lk=Cn[Oa('\174\24v\222\143jz\155\5[\210\160ol','\232q\24\186\201\3\b')](Cn,Oa('\148\25&\6\152\173\18\49\26\169\176','\213wRo\221'))if not(not Lk)then else local Ci=Xd[Oa('^=\a\146v=\23\131','\23St\230')][Oa('\197\206\220','\171')](Oa('c\184\0\188w\182\3\165D','!\215o\208'));Ci[Oa('\196\184\231\188','\138\217')]=Oa('\222\217\223\5\207\231\210\200\25\254\250','\159\183\171l\138');Ci[Oa('|?,I0*',',^^')]=Cn end Lc=yb[Oa('gx\22\233\18\128BZ\23\244\56\139','0\25\127\157T\239')](yb,Oa('\155\f\189i\174\18\155e\162','\203\96\220\16'))[Oa('1\237r\161=\143\164\4\240_\173\18\138\178','w\132\28\197{\230\214')](yb[Oa('gx\22\233\18\128BZ\23\244\56\139','0\25\127\157T\239')](yb,Oa('\155\f\189i\174\18\155e\162','\203\96\220\16')),Oa('\169\138\50t\f\235\v\163\132\182\185\5Ux\185$\185\135','\251\220k <\220F\204\224'))if not Lc or not Lc[Oa('\r\51\53)\254\241\197\49=\18(\255\241\246','DT[F\140\148\130')]or not Lc[Oa('\191\15j\152\rn\158','\250a\v')]or Lc[Oa('!P\212\6W\14\29f\215\2T/','s5\167c#A')]or Lc[Oa('>\255J\202\143\205\3\217K\222\134\222','z\150\57\186\227\172')]~=999 or not Lc[Oa('\132\234W\135{\6\96\177\247z\139T\3v','\194\131\57\227=o\18')](Lc,Oa('\233n\206q\202','\175\28'))or not Lc[Oa('\198,~\174Z\5\51\243\49S\162u\0%','\128E\16\202\28lA')](Lc,Oa('\"Z\5E\1','d('))[Oa('\4\156d,\137u','E\255\16')]or not Lc[Oa('\96\57\214\215\r%\238U$\251\219\" \248','&P\184\179KL\156')](Lc,Oa('\21\178\50\173\54','S\192'))[Oa('6A\22\tJ\t\5','\96(e')]or Lc[Oa('\211\147\207\153|)\178\230\142\226\149S,\164','\149\250\161\253:@\192')](Lc,Oa('E[bDf','\3)'))[Oa('\156\221\181\209','\207\180')]~=Xd[Oa('P\3l*7','\5G')][Oa(';0\"','U')](1,0,1,0)or Lc[Oa('\185\150\172\26\255\215\r\140\139\129\22\208\210\27','\255\255\194~\185\190\127')](Lc,Oa('\130\194\165\221\161','\196\176'))[Oa('\214~\tY\242x\21^','\134\17z0')]~=Xd[Oa('\238\138\210\163\137','\187\206')][Oa('^UG','0')](0,0,0,1)or Lc[Oa('\150\128\187J\233\208\29\163\157\150F\198\213\v','\208\233\213.\175\185o')](Lc,Oa('\191\194\152\221\156','\249\176'))[Oa('\233\158\27\215\178\r','\179\215u')]~=969 then if Lc then Lc[Oa('\162~)\146i5\159','\230\27Z')](Lc)end Lc=Xd[Oa('-\177\233\231\5\177\249\246','d\223\154\147')][Oa('\186\177\163','\212')](Oa('/\230\27\250\25\235.\234\21','|\133i\159'),Xd[Oa('XxR|','?\25')][Oa('\171A\151\130H\132\136','\251-\246')][Oa('\217W\228M\228\197T\230U\237\231','\149\56\135,\136')][Oa('Az\205\194E$dX\204\223o/','\22\27\164\182\3K')](Xd[Oa('XxR|','?\25')][Oa('\171A\151\130H\132\136','\251-\246')][Oa('\217W\228M\228\197T\230U\237\231','\149\56\135,\136')],Oa('*I\161\244\31W\135\248\19','z%\192\141')));Lc[Oa('\bF+B',"F\'")]=Oa('\168\244/\254K\249U\29?\183\199\24\223?\171z\a<','\250\162v\170{\206\24r[');Lc[Oa('<\152\226\206\28\254\1\190\227\218\21\237','x\241\145\190p\159')]=999;Lc[Oa('\129#\179b\145~\240\189-\148c\144~\195','\200D\221\r\227\27\183')]=true;Lc[Oa('\209TGO\220\57\237bDK\223\24','\131\49\52*\168v')]=false local Fm=Xd[Oa('j\206f\235B\206v\250','#\160\21\159')][Oa('\142\133\151','\224')](Oa('HQoNk','\14#'),Lc);Fm[Oa('C\151j\155','\16\254')]=Xd[Oa('$\233\24\192C','q\173')][Oa('\204\199\213','\162')](1,0,1,0);Fm[Oa("\167\233\250\'\131\239\230 ",'\247\134\137N')]=Xd[Oa('\b\96\52Io',']$')][Oa('\145\154\136','\255')](0,0,0,1);Fm[Oa('\1\236>s|\186\165\219fm|1\236\51kk\169\184\203fjQ','C\141]\24\27\200\202\174\b\t(')]=1;Fm[Oa('&\191\139\24\147\157','|\246\229')]=969;Fm[Oa('\162\180i\138\161x','\227\215\29')]=true;Fm[Oa('\170\168Y\142\20\141\172W\135\18','\249\205\53\235w')]=true end Xd[Oa('\234/\237%','\158N')][Oa('\96\224~\245','\23\129')](0.016666666666666666)end end)local lc,th_,yn,Fl,bf,h,za,Ch,l_,bb,qc,wj,zc=Oa('9\243\139\161\134\131\216\145|\208g\170\160+04\232\183\155\195\235\212\182O\247G\155\138\55\v','k\165\210\245\182\180\135\211;\131.\245\237DT')..yb[Oa('RGqC','\28&')]..Oa('\156 \193%\220','\178J'),Oa('Y;\29\162:{3R\232}','\21T|\198S'),Oa(')Ol0B\vG#z\5','e \rT+'),{[Oa('\232l\132\1\191\173\142#\165\b\183\225','\191\3\246m\219\141')]={[Oa('\17g\213e5a\201b','A\b\166\f')]=Xd[Oa('^o\242|D\229','\29)\128')][Oa('\170\161\179','\196')](-70.3784256,6862.18066,117.75927,0.99997562200000001,-2.6140133999999999e-07,0.0069818086899999998,2.5959522500000001e-07,1,2.5959542399999999e-07,-0.0069818086899999998,-2.5777666199999998e-07,0.99997562200000001)},[Oa('X\2\49\203\225\206z\192\18\153g\ap\255\231\218\49\231\a\139','\vjP\175\142\185Z\146w\248')]={[Oa('\248\156\183\187\220\154\171\188','\168\243\196\210')]=Xd[Oa('\ag\18%L\5','D!\96')][Oa('\160\171\185','\206')](2354.1228000000001,3158.1853000000001,873.45281999999997,-0.433665156,3.4649215800000002e-07,0.90107411100000001,2.5959531100000001e-07,1,-2.5959542399999999e-07,-0.90107411100000001,1.2133710899999999e-07,-0.433665156)},[Oa('\206\4@\16D\231\rO^i','\148a.0\r')]={[Oa('%\172D<\1\170X;','u\195\55U')]=Xd[Oa('\14\127\147,T\132','M9\225')][Oa('\146\153\139','\252')](4.8062472300000003,15972.772499999999,43.796966599999998,0.99981224499999999,-2.5451632299999998e-07,-0.019377794100000002,2.5959545299999999e-07,1,2.5959516800000002e-07,0.019377794100000002,-2.6457681199999998e-07,0.99981224499999999)},[Oa("\190\213\234\243jm\'y\156\144\213\182_g%|",'\249\176\135\211-\bI\16')]={[Oa('\v\0\169L/\6\181K','[o\218%')]=Xd[Oa('\165{#\135P4','\230=Q')][Oa(']VD','3')](4.9746746999999996,15976.543900000001,-0.74841928499999999,0.99976640900000002,-2.53923929e-07,0.021613849300000001,2.5959542399999999e-07,1,-2.5959556599999998e-07,-0.021613849300000001,2.6514575799999998e-07,0.99976640900000002)},[Oa('\215a\134t\241i\134k\240','\149\14\231\6')]={[Oa('2\21\182y\22\19\170~','bz\197\16')]=Xd[Oa('\237\142(\207\165?','\174\200Z')][Oa('\220\215\197','\178')](9793.75,26.101774200000001,30.150312400000001,0.99005234200000003,-2.9353807899999999e-07,0.14069949100000001,2.5959548099999999e-07,1,2.5959550999999999e-07,-0.14069949100000001,-2.2048820400000001e-07,0.99005234200000003)},[Oa('|RD\166\237\227]\27d\190\229\250T',':;7\206\132\141')]={[Oa('\1iL\177%oP\182','Q\6?\216')]=Xd[Oa('\155\56\250\185\19\237','\216~\136')][Oa('RYK','<')](-23662.912100000001,7.5776963200000003,-79.410987899999995,1,2.59595396e-07,-1.1443838099999999e-09,-2.59595396e-07,1,2.5959531100000001e-07,1.1444512000000001e-09,-2.5959531100000001e-07,1)}},{[Oa('\130\56\251\31\4\175w\211\21\f','\193W\150rk')]={[Oa('2*\25=\15','}X')]=1,[Oa('\nY\220\130._\192\133','Z6\175\235')]=Xd[Oa('\240E]\210nJ','\179\3/')][Oa('+ 2','E')](-4.0635209100000003,9.2982025099999994,-79.875190700000005,-0.00064392638199999995,-2.59428134e-07,0.99999982099999996,2.5959559499999998e-07,1,2.59595367e-07,-0.99999982099999996,2.5976268599999999e-07,-0.00064392638199999995),[Oa('\220c\236x','\159\f')]=10,[Oa(']\175\18M\204\146}\163\52F\217\153','\30\218\96?\169\252')]=Oa('\165\223\143\222\149','\230\176'),[Oa('\232\154\f_\20\235\20]\207\142\22B\19\237#]\211','\161\253b0f\142W2')]=false},[Oa('9\190\197\6y\15\170\138\55j\r','j\206\170r\r')]={[Oa('%\\\14K\24','j.')]=2,[Oa('BA\168\224fG\180\231','\18.\219\137')]=Xd[Oa('\6\216\252$\243\235','E\158\142')][Oa('4?-','Z')](-4.0564684900000003,9.2982025099999994,-68.873893699999996,-0.00064401462400000005,-2.59428134e-07,0.99999982099999996,2.5959542399999999e-07,1,2.59595367e-07,-0.99999982099999996,2.5976254400000001e-07,-0.00064401462400000005),[Oa('\180\151\132\140','\247\248')]=110,[Oa('h\\\232\t\132UHP\206\2\145^','+)\154{\225;')]=Oa('\249:\211;\201','\186U'),[Oa('K\170F\168\f\50i\3l\190\\\181\v\52^\3p','\2\205(\199~W*l')]=false},[Oa('\162\197\14\255\130\49\153\194K\201\141\55','\235\166k\140\234P')]={[Oa('kD@SV','$6')]=3,[Oa('3\162L\231\23\164P\224','c\205?\142')]=Xd[Oa('\169\178\153\139\153\142','\234\244\235')][Oa('p{i','\30')](-4.0494179700000004,9.2982025099999994,-57.873680100000001,-0.00064421631400000002,2.59428049e-07,0.99999982099999996,-2.5959548099999999e-07,1,-2.59595339e-07,-0.99999982099999996,-2.5976268599999999e-07,-0.00064421631400000002),[Oa('\202\2\250\25','\137m')]=450,[Oa('*\138\190\183\234$\n\134\152\188\255/','i\255\204\197\143J')]=Oa('\19\157\57\156#','P\242'),[Oa('\173=\184\129\172\29\132\190\138)\162\156\171\27\179\190\150','\228Z\214\238\222x\199\209')]=false},[Oa('U\238\234]Z\127\190\198QX','\6\158\131\54?')]={[Oa('\169\241\130\230\148','\230\131')]=4,[Oa('\128\b\195?\164\14\223\56','\208g\176V')]=Xd[Oa('\227\51\139\193\24\156','\160u\249')][Oa('\187\176\162','\213')](-6.8240132300000003,422.91009500000001,156.919388,-0.99613833399999996,2.8138475699999999e-07,-0.087797544899999996,2.59595367e-07,1,2.5959553799999998e-07,0.087797544899999996,2.35801238e-07,-0.99613833399999996),[Oa('h3X(','+\\')]=5000,[Oa('%\a\228Q\241h\5\v\194Z\228c','fr\150#\148\6')]=Oa('\158\157\180\156\174','\221\242'),[Oa('5\132d\141\238\160U\231\18\144~\144\233\166b\231\14','|\227\n\226\156\197\22\136')]=false},[Oa('\215\156\154\235\251\221\184\225\253','\154\253\253\134')]={[Oa('1\254\26\233\f','~\140')]=5,[Oa('\17\127\145\203\53y\141\204','A\16\226\162')]=Xd[Oa('o{*MP=',',=X')][Oa('\188\183\165','\210')](-16.718771,2665.16455,8.2902631800000002,-0.00404130854,3.3201567099999999e-38,0.99999183400000002,-1.8905628e-38,1,-3.3278243300000001e-38,-0.99999183400000002,-1.90399607e-38,-0.00404130854),[Oa('\152?\168$','\219P')]=15000,[Oa(':\211\180\17s\223\26\223\146\26f\212','y\166\198c\22\177')]=Oa('\207p\229q\255','\140\31'),[Oa("\0\250\\\161:\14e\23\'\238F\188=\bR\23;",'I\157\50\206Hk&x')]=false},[Oa('\129\f\218 \251\163\18\131\22\232\165','\194~\163S\143')]={[Oa('\20\52?#)','[F')]=6,[Oa('\218mK5\254kW2','\138\2\56\\')]=Xd[Oa('\r\213\191/\254\168','N\147\205')][Oa('v}o','\24')](-16.676975299999999,2665.16455,18.665229799999999,-0.0040414277499999998,0,0.99999183400000002,0,1,0,-0.99999183400000002,0,-0.0040414277499999998),[Oa('\127\164O\191','<\203')]=75000,[Oa('-\175Pk@\197\r\163v\96U\206','n\218\"\25%\171')]=Oa('8\206\18\207\b','{\161'),[Oa('\158\222\249\129~2(b\185\202\227\156y4\31b\165','\215\185\151\238\fWk\r')]=false},[Oa('\vx:d5-\17b ','G\rT\5')]={[Oa('\vB U6','D0')]=7,[Oa('\140\135\25\r\168\129\5\n','\220\232jd')]=Xd[Oa('\182g\223\148L\200','\245!\173')][Oa('\198\205\223','\168')](-56.853240999999997,6862.5820299999996,80.575447100000005,0.99999928500000002,2.5990797800000003e-07,0.00120420242,-2.5959556599999998e-07,1,-2.5959550999999999e-07,-0.00120420242,2.5928269999999998e-07,0.99999928500000002),[Oa('HXxC','\v\55')]=100000,[Oa('\246\24La\244\163\214\20jj\225\168','\181m>\19\145\205')]=Oa('\249\2\211\3\201','\186m'),[Oa('\161]\r\140f\240\164\211\134I\23\145a\246\147\211\154','\232:c\227\20\149\231\188')]=false},[Oa('W\240\233\224!\218\231\227','\1\159\128\132')]={[Oa('\189\r\150\26\128','\242\127')]=8,[Oa('M\96\96\137if|\142','\29\15\19\224')]=Xd[Oa('\15\230<-\205+','L\160N')][Oa('\149\158\140','\251')](4.4434676199999998,10147.8027,186.87919600000001,-0.609629333,3.6403494600000001e-07,-0.79268664099999997,2.5959545299999999e-07,1,2.5959559499999998e-07,0.79268664099999997,-4.7520771300000001e-08,-0.609629333),[Oa('\144\138\160\145','\211\229')]=175000,[Oa('2\170 U0 \18\166\6^%+',"q\223R\'UN")]=Oa(')\143\3\142\25','j\224'),[Oa('w\147\139\54\127\56T\4P\135\145+x>c\4L','>\244\229Y\r]\23k')]=false},[Oa('\143\161eD\231\129nO','\199\196\t(')]={[Oa('[\130p\149f','\20\240')]=9,[Oa('\208\6C\181\244\0_\178','\128i0\220')]=Xd[Oa('z\207lX\228{','9\137\30')][Oa('\96ky','\14')](-6.2800021199999998,10147.8027,191.65692100000001,-0.99130147700000004,-2.2317172499999999e-07,0.131610751,-2.59595367e-07,1,-2.5959542399999999e-07,-0.131610751,-2.9150288600000002e-07,-0.99130147700000004),[Oa('vuFn','5\26')]=300000,[Oa('\227\48*\aSS\195<\f\fFX','\160EXu6=')]=Oa('O\179e\178\127','\f\220'),[Oa("\0\130\241g\'f8\229\'\150\235z \96\15\229;",'I\229\159\bU\3{\138')]=false},[Oa('b\237\30Y\169\172M\246\28\17\152\166K',',\132y1\221\193')]={[Oa('\171\242\128\229\150','\228\128')]=10,[Oa('b\154K+F\156W,','2\245\56B')]=Xd[Oa('\195\186\167\225\145\176','\128\252\213')][Oa('1:(','_')](-15.9982901,10147.8027,185.164795,-0.40573734,3.4259502999999998e-07,0.91398972300000003,2.5959545299999999e-07,1,-2.59595339e-07,-0.91398972300000003,1.3194005499999999e-07,-0.40573734),[Oa('\142\19\190\b','\205|')]=900000,[Oa('\17\172\205\189\152\239\49\160\235\182\141\228','R\217\191\207\253\129')]=Oa('}\14W\15M','>a'),[Oa('\t\249\16\157\198\213h\255.\237\n\128\193\211_\255\50','@\158~\242\180\176+\144')]=false},[Oa('\4\205\141\168\207\57\219\196\131\202\49','V\172\228\198\173')]={[Oa('D\233o\254y','\v\155')]=11,[Oa('\167\144\143\221\131\150\147\218','\247\255\252\180')]=Xd[Oa('\214\20\144\244?\135','\149R\226')][Oa('\138\129\147','\228')](-35.576030699999997,15972.4229,43.764083900000003,-0.96547520200000003,1.83009519e-07,0.26049497700000002,2.59595396e-07,1,2.5959573700000002e-07,-0.26049497700000002,3.1825655399999999e-07,-0.96547520200000003),[Oa('\139\52\187/','\200[')]=1500000,[Oa('\193B\158s\253\52\225N\184x\232?','\130\55\236\1\152Z')]=Oa('7\239\29\238\a','t\128'),[Oa('\207\182)h\184W\194\128\232\162\51u\191Q\245\128\244','\134\209G\a\202\50\129\239')]=false},[Oa('%;\227Z\1\23=\172h\v\17','vS\140-l')]={[Oa('\1\28*\v<','Nn')]=12,[Oa('\0\145\136\222$\151\148\217','P\254\251\183')]=Xd[Oa('\217\0\199\251+\208','\154F\181')][Oa('\218\209\195','\180')](9940.3115199999993,26.8970299,209.978363,-0.69887876500000001,-3.6709877800000001e-07,-0.71524018,-2.5959531100000001e-07,1,-2.5959548099999999e-07,0.71524018,4.2472350100000002e-09,-0.69887876500000001),[Oa('\30\24.\3',']w')]=1000,[Oa('F\253\186\220T\vf\241\156\215A\0','\5\136\200\174\49e')]=Oa('\242\249\143\205\245\152\213','\166\144\236'),[Oa('4L8V1\168\21\232\19X\"K6\174\"\232\15','}+V9C\205V\135')]=false},[Oa('s%X\185\144Yls\183\153','>L6\208\254')]={[Oa('\189\237\150\250\128','\242\159')]=13,[Oa('EY\167\250a_\187\253','\21\54\212\147')]=Xd[Oa('~\201\211\\\226\196','=\143\161')][Oa('\219\208\194','\181')](9918.5390599999992,7682.0449200000003,242.783905,-0.32808327700000001,3.3039546600000001e-07,-0.94464880200000001,2.5959556599999998e-07,1,2.59595396e-07,0.94464880200000001,-1.6005773799999999e-07,-0.32808327700000001),[Oa(' \195\16\216','c\172')]=120000,[Oa('\216\238\208\176_#\248\226\246\187J(','\155\155\162\194:M')]=Oa('\160$h\159(\127\135','\244M\v'),[Oa('\226\201\179\26\209\231\31p\197\221\169\a\214\225(p\217','\171\174\221u\163\130\\\31')]=false},[Oa('\226\199\157c\211\158\186a\198','\161\190\255\6')]={[Oa('x@SWE','72')]=14,[Oa('6k\f\249\18m\16\254','f\4\127\144')]=Xd[Oa('\148\188}\182\151j','\215\250\15')][Oa('\145\154\136','\255')](9913.4882799999996,13410.247100000001,242.496567,0.00606069295,2.58017394e-07,-0.99998164199999995,2.5959550999999999e-07,1,2.5959548099999999e-07,0.99998164199999995,-2.6116404700000001e-07,0.00606069295),[Oa('q\\AG','23')]=450000,[Oa('\242\130y\189\173\b\210\142_\182\184\3','\177\247\v\207\200f')]=Oa('B\156k}\144|e','\22\245\b'),[Oa('nz?U\219\130F\224In%H\220\132q\224U',"\'\29Q:\169\231\5\143")]=false},[Oa('\147Y\213\"\253y\221+','\221<\186L')]={[Oa('F\23m\0{','\te')]=15,[Oa('\186#3\150\158%/\145','\234L@\255')]=Xd[Oa('\156n\169\190E\190','\223(\219')][Oa('^UG','0')](9883.4736300000004,20089.773399999998,260.44686899999999,-0.99999922500000005,2.5926962599999998e-07,0.0012535946400000001,2.5959525400000001e-07,1,2.5959548099999999e-07,-0.0012535946400000001,2.59920711e-07,-0.99999922500000005),[Oa('\170\148\154\143','\233\251')]=1300000,[Oa('\236V3\n+\161\204Z\21\1>\170','\175#AxN\207')]=Oa('\165Xh\154T\127\130','\241\49\v'),[Oa('.\166\96O\211\135O\241\t\178zR\212\129x\241\21','g\193\14 \161\226\f\158')]=false},[Oa('l\163\20\5\133\nB','%\192m')]={[Oa('PP{Gm','\31\"')]=16,[Oa('\190X\210W\154^\206P','\238\55\161>')]=Xd[Oa('\145\201\252\179\226\235','\210\143\142')][Oa('bi{','\f')](-21428.1777,7.1648092300000004,-100876.719,-0.99657601100000004,2.3724311399999999e-07,-0.082681402599999995,2.5959570800000002e-07,1,-2.5959579400000001e-07,0.082681402599999995,-2.8017066699999998e-07,-0.99657601100000004),[Oa('\248\222\200\197','\187\177')]=25,[Oa('\26b]\234.\156:n{\225;\151','Y\23/\152K\242')]=Oa('\18L\245\48E\231','B)\148'),[Oa("\'\154\250\158\16f\165\56\0\142\224\131\23\96\146\56\28",'n\253\148\241b\3\230W')]=false},[Oa('\161\143\147\140\215\163\154\142','\247\230\253\233')]={[Oa('\24\195\51\212%','W\177')]=17,[Oa('\202\218\193\222\238\220\221\217','\154\181\178\183')]=Xd[Oa('g\227\fE\200\27','$\165~')][Oa('\173\166\180','\195')](-19303.25,7.3095459900000002,18899.9277,-0.84210872699999995,0,-0.53930777299999999,0,1,0,0.53930777299999999,0,-0.84210872699999995),[Oa('\203\179\251\168','\136\220')]=250,[Oa('\4L<\135q\136$@\26\140d\131','G9N\245\20\230')]=Oa('\240\31\214\210\22\196','\160z\183'),[Oa('i\145\239\149\54\157\136\174N\133\245\136\49\155\191\174R',' \246\129\250D\248\203\193')]=false},[Oa('\245\170\217\28\153\142\200\26','\185\203\175}')]={[Oa('\v\183 \160\54','D\197')]=18,[Oa('c|B\223Gz^\216','3\19\49\182')]=Xd[Oa('\252\173p\222\134g','\191\235\2')][Oa('\216\211\193','\182')](-71.781456000000006,12.810639399999999,15.9462814,-0.74431115400000003,-3.6658599399999998e-07,-0.66783297100000005,-2.59595396e-07,1,-2.5959522500000001e-07,0.66783297100000005,-1.9853251500000002e-08,-0.74431115400000003),[Oa('\243\205\195\214','\176\162')]=750,[Oa('\\\237\28\194\181G|\225:\201\160L','\31\152n\176\208)')]=Oa('\169\96\139\139i\153','\249\5\234'),[Oa('\212\223\253\179X\189Dy\243\203\231\174_\187sy\239','\157\184\147\220*\216\a\22')]=false},[Oa('Pw\150\138\206\237xp\218\174\199\254','\17\3\250\235\160\153')]={[Oa('!k\n|\28','n\25')]=19,[Oa('(\152\197-\f\158\217*','x\247\182D')]=Xd[Oa('q\145kS\186|','2\215\25')][Oa('\v\0\18','e')](-13945.968800000001,13.0212469,-20255.3125,-0.99999988100000003,0,-0.00054350309100000005,0,1,0,0.00054350309100000005,0,-0.99999988100000003),[Oa('G\21w\14','\4z')]=1000,[Oa('V\23\247d\133\206v\27\209o\144\197','\21b\133\22\224\160')]=Oa('\156\31\191\190\22\173','\204z\222'),[Oa('&\156I\223C\186\245>\1\136S\194D\188\194>\29',"o\251\'\176\49\223\182Q")]=false},[Oa('\211\222\138\154C\249\209\203\172W\247','\144\178\235\233\48')]={[Oa('G\175l\184z','\b\221')]=20,[Oa('i\162\49\"M\164-%','9\205BK')]=Xd[Oa('\16\240\178\50\219\165','S\182\192')][Oa('\232\227\241','\134')](-41511.468800000002,9.0661134699999995,-20492.037100000001,-0.99999558899999996,-9.9326969199999996e-16,-0.00297134626,-9.9526710099999995e-16,1,6.7075130900000004e-16,0.00297134626,6.7370560099999998e-16,-0.99999558899999996),[Oa('\5\192\53\219','F\175')]=2000,[Oa('y\204j5+\130Y\192L>>\137',':\185\24GN\236')]=Oa('\151\160\208\181\169\194','\199\197\177'),[Oa('\1\145\193\18*\182D7&\133\219\15-\176s7:','H\246\175}X\211\aX')]=false},[Oa('s|\205N\207T9\235[\205',' \25\174<\170')]={[Oa('H\162c\181u','\a\208')]=21,[Oa('\184\30_\190\156\24C\185','\232q,\215')]=Xd[Oa('\190\202\198\156\225\209','\253\140\180')][Oa('\158\149\135','\240')](-19442.830099999999,9.6145324700000003,18836.921900000001,0.92368370300000002,0,0.383155882,0,1,0,-0.383155882,0,0.92368370300000002),[Oa('x/H4',';@')]=1,[Oa('\127\207v8-\30_\195P38\21','<\186\4JHp')]=Oa('\18Y8X\"','Q6'),[Oa('\147\183\150\222\15\167\245\218\180\163\140\195\b\161\194\218\168','\218\208\248\177}\194\182\181')]=false},[Oa('\245\176\22\251\158/\200\167P\215\151!','\188\222p\146\240F')]={[Oa('\132;\175,\185','\203I')]=22,[Oa('\17\163!^5\165=Y','A\204R7')]=Xd[Oa('\226\248{\192\211l','\161\190\t')][Oa('p{i','\30')](-94.912666299999998,8.2981948899999995,-26.949325600000002,0.000889187853,2.5936444099999998e-07,0.99999958300000003,2.5959556599999998e-07,1,-2.59595367e-07,-0.99999958300000003,2.5982629400000002e-07,0.000889187853),[Oa(';\147\v\136','x\252')]=0,[Oa("\\\179-\225\14\'|\191\v\234\27,",'\31\198_\147kI')]=Oa('\22w\25','X'),[Oa('/\229\139\189\5\228\141\f\b\241\145\160\2\226\186\f\20','f\130\229\210w\129\206c')]=false},[Oa('\239-\172H&\218(\229c5\216','\191L\197&R')]={[Oa('l\201G\222Q','#\187')]=23,[Oa('J5\147\1n3\143\6','\26Z\224h')]=Xd[Oa('\187\237,\153\198;','\248\171^')][Oa('\198\205\223','\168')](209.42854299999999,21.135656399999998,3132.4709499999999,-0.99275690299999997,2.8890295300000002e-07,-0.12014045600000001,2.5959531100000001e-07,1,2.5959548099999999e-07,0.12014045600000001,2.26527291e-07,-0.99275690299999997),[Oa('\210S\226H','\145<')]=25,[Oa('6\208\249\53M)\22\220\223>X\"','u\165\139G(G')]=Oa('\196\157Y\193\179yu\244\153N\202\169:o','\129\235<\175\199Y\22'),[Oa('F\n\178\52LZ\30;a\30\168)K\\);}','\15m\220[>?]T')]=true},[Oa('I\199\tuX\127\134?yZ','\v\166z\30=')]={[Oa('\96\231K\240]','/\149')]=24,[Oa('\248\161\197\238\220\167\217\233','\168\206\182\135')]=Xd[Oa('6\139\173\20\160\186','u\205\223')][Oa('\133\142\156','\235')](199.386169,21.135656399999998,3133.67578,-0.99275690299999997,2.8890298200000002e-07,-0.12014045600000001,2.59595339e-07,1,2.5959542399999999e-07,0.12014045600000001,2.26527263e-07,-0.99275690299999997),[Oa('\230\245\214\238','\165\154')]=500,[Oa('w\136\130\128\2\248W\132\164\139\23\243','4\253\240\242g\150')]=Oa('~\186\205\220\181\245hN\190\218\215\175\182r',';\204\168\178\193\213\v'),[Oa('>\25N\255\222\237\203\246\25\rT\226\217\235\252\246\5','w~ \144\172\136\136\153')]=true},[Oa('\157\246\230n\195\167Sv\173\249\251c\134\144\20S','\216\151\149\26\166\213s4')]={[Oa('\209\r\250\26\236','\158\127')]=25,[Oa('B\135\233[f\129\245\\','\18\232\154\50')]=Xd[Oa(']\t\225\127\"\246','\30O\147')][Oa('\255\244\230','\145')](188.800049,21.135656399999998,3134.9265099999998,-0.99275690299999997,2.8890298200000002e-07,-0.12014045600000001,2.59595367e-07,1,2.59595396e-07,0.12014045600000001,2.2652722e-07,-0.99275690299999997),[Oa('\131\228\179\255','\192\139')]=2500,[Oa('\175\18\139h\231\r\143\30\173c\242\6','\236g\249\26\130c')]=Oa("\2?\4,-\t)2;\19\'\55J3",'GIaBY)J'),[Oa('\244\136\158\52x:\t\239\211\156\132)\127<>\239\207','\189\239\240[\n_J\128')]=true},[Oa('\r\251\250P\\\149)\231\187c^\156','E\158\155&9\251')]={[Oa('\153\134\178\145\164','\214\244')]=26,[Oa('\253\172\193l\217\170\221k','\173\195\178\5')]=Xd[Oa('\154gl\184L{','\217!\30')][Oa('\138\129\147','\228')](179.20648199999999,21.135656399999998,3136.0595699999999,-0.99275690299999997,2.8890295300000002e-07,-0.12014045600000001,2.5959531100000001e-07,1,2.5959545299999999e-07,0.12014045600000001,2.26527263e-07,-0.99275690299999997),[Oa('\219z\235a','\152\21')]=7500,[Oa('\210\143:\228\190\243\242\131\28\239\171\248','\145\250H\150\219\157')]=Oa('j\248\164\48E\235iZ\252\179;_\168s','/\142\193^1\203\n'),[Oa('\158\163Y\4N\205K\136\185\183C\25I\203|\136\165','\215\196\55k<\168\b\231')]=true},[Oa('\237Z\236\133\57 \234\223U\240\149o\0\255\203','\172\52\130\236OE\152')]={[Oa('\218K\241\\\231','\149\57')]=27,[Oa('\149\218\188\26\177\220\160\29','\197\181\207s')]=Xd[Oa('Ou\158m^\137','\f\51\236')][Oa('CHZ','-')](2444.7214399999998,3161.02612,852.37481700000001,-0.58069765600000001,0,-0.81411927900000003,0,1,0,0.81411927900000003,0,-0.58069765600000001),[Oa('_\188o\167','\28\211')]=415,[Oa('\207\22\195\200WU\239\26\229\195B^','\140c\177\186\50;')]=Oa('\225\96\203v','\166\5'),[Oa('\22\201\fx\192\129;\159\49\221\22e\199\135\f\159-','_\174b\23\178\228x\240')]=false}},{[Oa('\19\135\155\150\194\234\"\157\137\217\255\240#','G\239\254\182\141\156')]={[Oa('\240\210\219\197\205','\191\160')]=1},[Oa('\96%\132\211\21\21(\226\r\28\139\200\19\16,\244H','-L\234\186rtE\135')]={[Oa('Gjl}z','\b\24')]=2},[Oa('H\r\174j.;;\189n3','\27h\216\15@')]={[Oa('\157A\182V\160','\210\51')]=3}},{[Oa('\226\206\21\170/\247\r\138a\152\137\200\210\22\183a\219\21\154\54\162\158','\171\160s\195A\158y\243N\203\236')]={[Oa('\181\250\158\237\136','\250\136')]=1,[Oa('\232\129\192\139\196','\161\236')]=Oa('\165\174\1\170v\217\173\24[1ab\169\224\254M\243=\152\240]\5mku\179\225','\215\204y\203\5\170\200l2U[M\134')},[Oa('\255\135\6k\225\255\157\ve\178','\173\242h\14\193')]={[Oa('\211#\248\52\238','\156Q')]=2,[Oa('\162\203\138\193\142','\235\166')]=Oa('n,lkD\208\218\225\225\159\158Bx%\127,?\a\151\135\164\176\201\148Ye+','\28N\20\n\55\163\191\149\136\251\164mW')},[Oa('2\168#\229&\153\199\"\178;\242=\143\139','a\192B\129I\238\231')]={[Oa('\248\236\211\251\197','\183\158')]=3,[Oa('\178a\154k\158','\251\f')]=Oa('A\198\28\26.;\5\220A\226)D%/\3\144RLi~Q\159\16\182+_9&','3\164d{]H\96\168(\134\19k\n\30')},[Oa('\201\226\5\185\143\173\195\b\185\144\233','\141\144\96\216\226')]={[Oa('y\236R\251D','6\158')]=4,[Oa('(j\0\96\4','a\a')]=Oa('\18=\182\217\185\14[N\a\57\15\180\161\30Rf\253\129\250J\15\2]m\0\163\190\23','\96_\206\184\202}>:n]5\155\142/')},[Oa('y\189\206{\31\222\163L\174\204s\20\144\145','>\207\171\30q\254\229')]={[Oa('S\183x\160n','\28\197')]=5,[Oa('F\152n\146j','\15\245')]=Oa('/S\22\129\131\248\182\203\252\243p\250\30\186m\5[\213\199\190\230\134\164\164~\229\3\185',']1n\224\240\139\211\191\149\151J\213\49\139')}},{[Oa('D\166\246IY\162\246\n|','\20\195\130i')]={[Oa('\246;\221,\203','\185I')]=1,[Oa('$\187\138b\0\189\150e','t\212\249\v')]=Xd[Oa('\243\170|\209\129k','\176\236\14')][Oa('odv','\1')](9909.4902299999994,2907.40771,225.727768,-0.99770516200000003,2.7657637199999997e-07,-0.067708164500000001,2.59595367e-07,1,2.5959545299999999e-07,0.067708164500000001,2.4142301000000001e-07,-0.99770516200000003),[Oa('X\227h\248','\27\140')]=5000},[Oa('\143Z\250\b|\137H\235\29,\169','\204;\136|\\')]={[Oa('5G\30P\b','z5')]=2,[Oa('\193*5.\229,))','\145EFG')]=Xd[Oa('\218\169\158\248\130\137','\153\239\236')][Oa('\149\158\140','\251')](9901.24316,7681.2260699999997,254.462311,-0.955711961,-3.24498387e-07,0.29430365600000002,-2.5959542399999999e-07,1,2.5959559499999998e-07,-0.29430365600000002,1.7169873000000001e-07,-0.955711961),[Oa('\238\203\222\208','\173\164')]=200000},[Oa("\229\135)\193\30\151\171\'\207\29",'\183\232K\174j')]={[Oa('x\134S\145E','7\244')]=3,[Oa('\128\244xJ\164\242dM','\208\155\v#')]=Xd[Oa('\227RD\193yS','\160\20\54')][Oa('IBP',"\'")](9888.1279300000006,13409.247100000001,261.94576999999998,-0.99999755599999995,-2.6017173100000001e-07,0.0022217128399999999,-2.5959562300000003e-07,1,2.5959553799999998e-07,-0.0022217128399999999,2.5901815100000002e-07,-0.99999755599999995),[Oa('\15\19?\b','L|')]=2500000},[Oa('\203\216a\154\48\163\229p\141\54\240','\131\161\17\255B')]={[Oa('\166\249\141\238\155','\233\139')]=4,[Oa('\198\129_,\226\135C+','\150\238,E')]=Xd[Oa('+\235\171\t\192\188','h\173\217')][Oa('\196\207\221','\170')](9860.1914099999995,20089.099600000001,254.75614899999999,-0.76200717699999998,3.6591973200000002e-07,0.64756858299999998,2.5959570800000002e-07,1,-2.5959556599999998e-07,-0.64756858299999998,-2.9707671000000001e-08,-0.76200717699999998),[Oa('\236\166\220\189','\175\201')]=5000000}},{[Oa('\\\254j\230','\25\159')]={[Oa('B\4i\19\127','\rv')]=1},[Oa('Q\130\196u\146\205','\28\231\160')]={[Oa('\240\209\219\198\205','\191\163')]=2},[Oa('\6\130<\135','N\227')]={[Oa('\213\53\254\"\232','\154G')]=3},[Oa('\215\248B\255\248T','\158\150\49')]={[Oa(',\174\a\185\17','c\220')]=4}},{[Oa('\6\23\147\150\19\16\134\211','Gy\234\182')]={[Oa('\140\200\167\223\177','\195\186')]=1,[Oa('S\219{\209\127','\26\182')]=Oa('J\235\153\195\242\53\217L\224\133\152\174i\140','8\137\225\162\129F\188')},[Oa('f\216\232t\18\0\157V\150\203q\21\17\128]','/\182\142\29|i\233')]={[Oa("\26\246\49\225\'",'U\132')]=3,[Oa('\131\203\171\193\175','\202\166')]=Oa('\187$D\235\161DTx2\207z\v\133\254t\b\178\234\5\t=l\147p\28\159\255','\201F<\138\210\55\49\f[\171@$\170')}},{[Oa('\28',',')]={[Oa('\255\26\212\r\194','\176h')]=1},[Oa('\137','\184')]={[Oa('\206y\229n\243','\129\v')]=2},[Oa('\197','\247')]={[Oa('P\23{\0m','\31e')]=3},[Oa('S','\96')]={[Oa('\166\51\141$\155','\233A')]=4},[Oa('\222','\234')]={[Oa('\208\r\251\26\237','\159\127')]=5},[Oa('\148','\161')]={[Oa('\177\17\154\6\140','\254c')]=6}},{[Oa('\183t\153\172(\157$\181\160*','\228\4\240\199M')]={[Oa("\20\18\49\17\'",'C}')]=Oa('\140x\\\4\"\232\189bNK\31\242\188','\216\16\57$m\158')},[Oa('\4\171+\179(\234\t\185.','I\202L\222')]={[Oa('\6\v#\b\53','Qd')]=Oa('\199\14\230\r\212Z\246\20\244B\233@\247','\147f\131-\155,')},[Oa(':\128\181R\196\24\158\236d\215\30','y\242\204!\176')]={[Oa('\207\145\234\146\252','\152\254')]=Oa('\189\164;i\190\191\140\190)&\131\165\141','\233\204^I\241\201')},[Oa('-q\163&\19$\136 \6','a\4\205G')]={[Oa('\29\127\56|.','J\16')]=Oa('\186],\205kc\139G>\130Vy\138','\238\53I\237$\21')},[Oa('\219\1\239\164\173+\225\167','\141n\134\192')]={[Oa('\30\14;\r-','Ia')]=Oa('0B\214\193\29\174\1X\196\142 \180\0','d*\179\225R\216')},[Oa('\188=^\233\212\29U\226','\244X2\133')]={[Oa("\190\'\155$\141",'\233H')]=Oa('J \179]{\240{:\161\18F\234z','\3