local Oj=(getfenv())local xn,yf,Mj=(string.char),(string.byte),(bit32 .bxor)local Zh=function(La,zh)local Vb=''for cg=133,(#La-1)+133 do Vb=Vb..xn(Mj(yf(La,(cg-133)+1),yf(zh,(cg-133)%#zh+1)))end return Vb end local Vk,Zb=(string.gsub),(string.char)local Gb=(function(Yo)Yo=Vk(Yo,'[^ABCDEFGHIJKLMNOPQRSTUVWXYZabcdefghijklmnopqrstuvwxyz0123456789+/=]','')return(Yo:gsub('.',function(zn)if(zn=='=')then return''end local Qm,q='',(('ABCDEFGHIJKLMNOPQRSTUVWXYZabcdefghijklmnopqrstuvwxyz0123456789+/'):find(zn)-1)for Jj=6,1,-1 do Qm=Qm..(q%2^Jj-q%2^(Jj-1)>0 and'1'or'0')end return Qm end):gsub('%d%d%d?%d?%d?%d?%d?%d?',function(rg)if(#rg~=8)then return''end local Nh=0 for nb=1,8 do Nh=Nh+(rg:sub(nb,nb)=='1'and 2^(8-nb)or 0)end return Zb(Nh)end))end)if not Oj[Zh('\183\222\189\218','\208\191')][Zh('\155\230\132\198\179\241\173\205','\210\149\200\169')](Oj[Zh('\183\222\189\218','\208\191')])then Oj[Zh('b\153h\157','\5\248')][Zh('\184O\144\144E\149','\244 \241')][Zh('\252\167\194\178','\171\198')](Oj[Zh('b\153h\157','\5\248')][Zh('\184O\144\144E\149','\244 \241')])end if not(Oj[Zh('\250\1\240\5','\157\96')][Zh('^\174\218m\167\242j','\14\194\187')]~=85896571713843)then else return end local ma=Oj[Zh('1&;\"','VG')][Zh('\177\159\148T\198\132\140\137d\198','\246\250\224\a\163')](Oj[Zh('1&;\"','VG')],Zh('<\6\n\21\15\25\31','ljk'))local l_,Rn,jb,np,On,_h,Of,vj,oh,sn,C,Ho,Me=ma[Zh('\229\22\154\246\228\249\21\152\238\237\219','\169y\249\151\136')],Oj[Zh('\134\208\140\212','\225\177')][Zh('h\27\211\132\19]\b\206\180\19','/~\167\215v')](Oj[Zh('\134\208\140\212','\225\177')],Zh('\185\221;C@\5\136\216(OM3','\237\170^&.V')),Oj[Zh('k\29a\25','\f|')][Zh('!\22E\220\242\20\5X\236\242','fs1\143\151')](Oj[Zh('k\29a\25','\f|')],Zh('\215\28S\17\211\28[\175\246<S\17\236\27H\191','\130o6c\154r+\218')),Oj[Zh('\247&\253\"','\144G')][Zh('\214\vE\151\241\227\24X\167\241','\145n1\196\148')](Oj[Zh('\247&\253\"','\144G')],Zh('\16\165\135\163\55%\166\135\147\55','W\208\238\240R')),Oj[Zh('\t\28\3\24','n}')][Zh('\v\175\213\226\171>\188\200\210\171','L\202\161\177\206')](Oj[Zh('\t\28\3\24','n}')],Zh('\ng@\142h*dG\190h','X\18.\221\r')),Oj[Zh('\239\176\229\180','\136\209')][Zh("\172\52\173\203\145\153\'\176\251\145",'\235Q\217\152\244')](Oj[Zh('\239\176\229\180','\136\209')],Zh('\6q\219\184\223+w\217\161\239+','N\5\175\200\140')),Oj[Zh('\166\172\172\168','\193\205')][Zh('W>gO\129b-z\127\129','\16[\19\28\228')](Oj[Zh('\166\172\172\168','\193\205')],Zh('\242\237\201\181\3F:\215\197\236\234\173\5W:\196\197','\160\136\185\217j%[\163')),Oj[Zh('\228C\238G','\131\"')][Zh('\182\184\48\196\24\131\171-\244\24','\241\221D\151}')](Oj[Zh('\228C\238G','\131\"')],Zh('!vt\230\243\1\1Q\224\17\vvt\193\243\v\3y\224\0','b\25\26\146\150yu\16\131e')),Oj[Zh(',\242&\246','K\147')][Zh('\254\148\188\249\152\203\135\161\201\152','\185\241\200\170\253')](Oj[Zh(',\242&\246','K\147')],Zh('\2Z\6\129:Z\15\142','N3a\233')),Oj[Zh('\152\231\146\227','\255\134')][Zh('\206f\146\220\96\251u\143\236\96','\137\3\230\143\5')](Oj[Zh('\152\231\146\227','\255\134')],Zh('\165\153\48\142+\146\156\23\137;\129','\243\240B\250^')),Oj[Zh('\148\170\158\174','\243\203')][Zh('\4\167Zn*1\180G^*','C\194.=O')](Oj[Zh('\148\170\158\174','\243\203')],Zh('\247\252\5Uil\140\254\168\209\224\3l}c\129\208\163\211','\161\149w!\28\r\224\183\198')),Oj[Zh('\205&\199\"','\170G')][Zh('\b\"\138\179\193=1\151\131\193','OG\254\224\164')](Oj[Zh('\205&\199\"','\170G')],Zh('\17\241[\237}~\129\49\199R\250{x\144 ','E\148\55\136\r\17\243')),Oj[Zh('\161\165,\222\137\165<\207','\232\203_\170')][Zh('\161\170\184','\207')](Zh('Ki\249M}d\204]q','\24\n\139('),Oj[Zh('_\218U\222','8\187')][Zh('O\237\250f\228\233l','\31\129\155')][Zh('\188\0\50\29\215\160\3\48\5\222\130','\240oQ|\187')][Zh('m+\187\186\218jH\t\186\167\240a',':J\210\206\156\5')](Oj[Zh('_\218U\222','8\187')][Zh('O\237\250f\228\233l','\31\129\155')][Zh('\188\0\50\29\215\160\3\48\5\222\130','\240oQ|\187')],Zh('\174\196\18\n\155\218\52\6\151','\254\168ss')));Me[Zh('\153:\186>','\215[')]=Zh('L\1G\194+\152\165\205\127S2p\227_\202\138\215|','\30W\30\150\27\175\232\162\27');Me[Zh('>\194\243\197Lo\3\228\242\209E|','z\171\128\181 \14')]=999;Me[Zh('\170d\168\185)27\150j\143\184(2\4','\227\3\198\214[Wp')]=true;Me[Zh('\237I\28\187\147n\209\127\31\191\144O','\191,o\222\231!')]=false local Td=Oj[Zh('\194\215\242\3\234\215\226\18','\139\185\129w')][Zh('RYK','<')](Zh('R\3u\28q','\20q'),Me);Td[Zh('\145\228\184\232','\194\141')]=Oj[Zh('tJHc\19','!\14')][Zh('\180\191\173','\218')](1,0,1,0);Td[Zh(')\v\136\148\r\r\148\147','yd\251\253')]=Oj[Zh('|\192@\233\27',')\132')][Zh('k\96r','\5')](0,0,0,1);Td[Zh('L\253\31e\251\210\49\52sx&|\253\18}\236\193,$s\127\v','\14\156|\14\156\160^A\29\28r')]=1;Td[Zh('\228o\138\218C\156','\190&\228')]=969;Td[Zh('\222\57\251\246,\234','\159Z\143')]=true;Td[Zh('l\31=P\231K\27\51Y\225','?zQ5\132')]=true local Eh,uo,ob,Eb={},{},{[Zh('\r\f\3iJ\4\24\3e\2','Lyw\6j')]=0,[Zh(' *L8\19\24\0e~:\6\30','pE;]am')]=0,[Zh('\140\185\202=\24\209>\207\160\236\238;[\252*\205\190','\205\204\190R8\151_\189')]=0,[Zh('\228\159^\215g\207[\200\202m\221)\225[','\165\234*\184G\136>')]=0,[Zh('\134\202\162.\170E\217\169\214\177 \231m\195','\199\191\214A\138\b\176')]=0,[Zh('\142t\149\170_L\184\174s\133\162\30c\178','\207\1\225\197\127\14\215')]=0,[Zh('l\154X\204]\197D\156D\202\19\228','-\239,\163}\131')]=0},{[Zh('\166\234N\192\55\175\254N\204\127','\231\159:\175\23')]=false,[Zh('\181P\178\149\22\138\149\31\128\151\3\140','\229?\197\240d\255')]=false,[Zh('8\180\b\136\218TO\201\20\225,\142\153y[\203\n','y\193|\231\250\18.\187')]=false,[Zh('\2\222\210b\228\48Z.\139\225h\170\30Z','C\171\166\r\196w?')]=false,[Zh('\186\220\1\28\195\244;\149\192\18\18\142\220!','\251\169us\227\185R')]=false,[Zh('\213K\200\25\158\150\166\245L\216\17\223\185\172','\148>\188v\190\212\201')]=false,[Zh('\181\188\186\233u^\157\186\166\239;\127','\244\201\206\134U\24')]=false};On[Zh('\216\197;0%\21\217\212\48$0\2\238','\138\160UT@g')][Zh('-(\203\0\"\198\26','nG\165')](On[Zh('\216\197;0%\21\217\212\48$0\2\238','\138\160UT@g')],function()for Gn,Bb in Oj[Zh('\1\217\24\202\2','q\184')](Eh)do if not(Eh[Gn]~=Eb[Gn])then else Eb[Gn]=Eh[Gn]if Eh[Gn]then ob[Gn]=Oj[Zh('\211/\196-','\167F')]()end if not(Gn==Zh('\218\241\166g\144\211\229\166k\216','\155\132\210\b\176')and Eh[Gn])then else Eh[Zh('U\30\19\18}=M\147yK7\20>\16Y\145g','\20kg}]{,\225')]=false;Eh[Zh('\127\247\234\141J0cP\235\249\131\a\24y','>\130\158\226j}\n')]=false;Eh[Zh('S\179y\196P~Gs\180i\204\17QM','\18\198\r\171p<(')]=false;Eh[Zh('w\150F\128\191\246_\144Z\134\241\215','6\227\50\239\159\176')]=false end if not(Gn==Zh('\154\210\164\182i\128\239Y\182\135\128\176*\173\251[\168','\219\167\208\217I\198\142+')and Eh[Gn])then else Eh[Zh('\169w\163\3\f\160c\163\15D','\232\2\215l,')]=false;Eh[Zh('\bS\207\213\196\187\254$\6\252\223\138\149\254','I&\187\186\228\252\155')]=false;Eh[Zh('J@\245Hy\5\172e\\\230F4-\182',"\v\53\129\'YH\197")]=false;Eh[Zh('<G\187\4\174)\144\28@\171\f\239\6\154','}2\207k\142k\255')]=false;Eh[Zh('n\155\23\19\222;F\157\v\21\144\26','/\238c|\254}')]=false end if Gn==Zh('\0\194c0B\148\243,\151P:\f\186\243','A\183\23_b\211\150')and Eh[Gn]then Eh[Zh('\31\221 \160D;\214\242\51\136\4\166\a\22\194\240-','^\168T\207d}\183\128')]=false;Eh[Zh('$\140\206z_\202\153\4\139\222r\30\229\147','e\249\186\21\127\136\246')]=false;Eh[Zh('\200\168\155\3bc\224\174\135\5,B','\137\221\239lB%')]=false end if Gn==Zh('\23\48\150\137uI\193\56,\133\135\56a\219','VE\226\230U\4\168')and Eh[Gn]then Eh[Zh('C\220A\211\192J\200A\223\136','\2\169\53\188\224')]=false;Eh[Zh('\233\253\251\162\231\214R\174\197\168\223\164\164\251F\172\219','\168\136\143\205\199\144\51\220')]=false;Eh[Zh("\176\173\'\189]U\a\144\170\55\181\28z\r",'\241\216S\210}\23h')]=false;Eh[Zh('\199\226.\5\240\t\239\228\50\3\190(','\134\151Zj\208O')]=false end if not(Gn==Zh(' \t\54B\212\146\187\0\14&J\149\189\177','a|B-\244\208\212')and Eh[Gn])then else Eh[Zh('\212\26\49\195\172\221\14\49\207\228','\149oE\172\140')]=false;Eh[Zh('\221\155\157\156\160\203\146\25\241\206\185\154\227\230\134\27\239','\156\238\233\243\128\141\243k')]=false;Eh[Zh('C\162r\5ZQ\200o\247A\15\20\127\200','\2\215\6jz\22\173')]=false;Eh[Zh('<\30F\241\235\175\27\19\2U\255\166\135\1','}k2\158\203\226r')]=false;Eh[Zh('\161\206r\170j\135\137\200n\172$\166','\224\187\6\197J\193')]=false end if not(Gn==Zh('>=\203s\129\234\22;\215u\207\203','\127H\191\28\161\172')and Eh[Gn])then else Eh[Zh('[U\128L+RA\128@c','\26 \244#\v')]=false;Eh[Zh('\138\57\21U@k\16J\166l1S\3F\4H\184','\203La:\96-q8')]=false;Eh[Zh('\154T\239\156\205\131\238\182\1\220\150\131\173\238','\219!\155\243\237\196\139')]=false;Eh[Zh('r\173\186\152\196\27\197]\177\169\150\137\51\223','3\216\206\247\228V\172')]=false;Eh[Zh('}\239l\"<K\211]\232|*}d\217','<\154\24M\28\t\188')]=false end end end end);l_[Zh('^u\210\6kk\244\ng','\14\25\179\127')][Zh('h\239\209\190\171j\227\220\183\171','+\135\184\210\207')][Zh(']\188\136p\182\133j','\30\211\230')](l_[Zh('^u\210\6kk\244\ng','\14\25\179\127')][Zh('h\239\209\190\171j\227\220\183\171','+\135\184\210\207')],function()local jl=l_[Zh('\195\127\54F\246a\16J\250','\147\19W?')][Zh("\23>\196\193\'\158\170\"#\233\205\b\155\188",'QW\170\165a\247\216')](l_[Zh('\195\127\54F\246a\16J\250','\147\19W?')],Zh('\169\208\159,\128\249\182\233\162\53\213\160\142','\251\134\198x\176\206'))if not(jl)then else jl[Zh('H\255\17Y\193\127u\217\16M\200l','\f\150b)\173\30')]=9999 end end)local Bd=Of[Zh('\170E\163\142\255\220\2\159X\142\130\208\217\20','\236,\205\234\185\181p')](Of,Zh(',\f\150h\129\21\a\129t\176\b','mb\226\1\196'))if Bd then Oj[Zh('\147\176\150\191','\228\209')](Oj[Zh('\23\6\49\r\28$','drC')][Zh('v\190\30}\176\24','\16\209l')](Zh(Gb'PiO9712R5rtpB731b18bOnfJW1N0kXwdb6g0YmER63wjonWlM0QIDMTZCMOv6Cw9n8VTCz8rI8cVcTWKYh00+S4nLVn4em2tcLkxCw==',Gb'bHXku22mwchJRfqmJn9aTwOmexUV4xE9R41HS0F5ig8DwxnXViU='),Zh('r\189\141\55\161\150','\4\143\163')));Me[Zh('\148\189I\164\170U\169','\208\216:')](Me)return end Oj[Zh('\135\218\158\198\131','\247\168')](Oj[Zh('\29\25\16\a\3\5','nmb')][Zh('\209\165$\218\171\"','\183\202V')](Zh("\201\237\233\250\159\178\140<\201\199\159O\248[+\227\213\166\216\15\211\255\246\155\152\139\220\172\139&\154\165\182s\198[\24\227\207\167\145\'\213\163",'\155\187\176\174\175\133\171O\233\133\216\28\177{j\150\161\201\248I\178\141'),Zh('\b\18\147M\14\136','~ \189')));Oj[Zh('\19I\20C','g(')][Zh('\167\185\181\190\186','\212\201')](function()while not Eh[Zh('\6\196\fR\r\222\22T\5','A\145E\17')]do local oe=Of[Zh('\172\18>f\141T\v\153\15\19j\162Q\29','\234{P\2\203=y')](Of,Zh('\186\30\231\253\207\131\21\240\225\254\158','\251p\147\148\138'))if not oe then local si=Oj[Zh('\247\171B\233\223\171R\248','\190\197\49\157')][Zh('GL^',')')](Zh('\182\189Ky\162\179H\96\145','\244\210$\21'));si[Zh('\153m\186i','\215\f')]=Zh('\241wJ\225\225\200|]\253\208\213','\176\25>\136\164');si[Zh('3\180\213\6\187\211','c\213\167')]=Of end Me=l_[Zh('\222\140@\213O\189\251\174A\200e\182','\137\237)\161\t\210')](l_,Zh('d{\165\179Qe\131\191]','4\23\196\202'))[Zh('\127\211\242P\21\159uJ\206\223\\:\154c','9\186\156\52S\246\a')](l_[Zh('\222\140@\213O\189\251\174A\200e\182','\137\237)\161\t\210')](l_,Zh('d{\165\179Qe\131\191]','4\23\196\202')),Zh('\f\206\19P#\153\148K\132\19\253$qW\203\187Q\135','^\152J\4\19\174\217$\224'))if not Me or not Me[Zh('0\96f\184:\251C\fnA\185;\251p','y\a\b\215H\158\4')]or not Me[Zh('N\199%i\197!o','\v\169D')]or Me[Zh('M\223\197\131\23\139q\233\198\135\20\170','\31\186\182\230c\196')]or Me[Zh('d6gk\195\200Y\16f\127\202\219',' _\20\27\175\169')]~=999 or not Me[Zh('\171\178/\237\168\96\230\158\175\2\225\135e\240','\237\219A\137\238\t\148')](Me,Zh('\215\144\240\143\244','\145\226'))or not Me[Zh("\205L#\203\b\133/\248Q\14\199\'\128\57",'\139%M\175N\236]')](Me,Zh('\148\186\179\165\183','\210\200'))[Zh("\1\50\56)\')",'@QL')]or not Me[Zh('\228\239\19IM\241U\209\242>Eb\244C',"\162\134}-\v\152\'")](Me,Zh('\208\183\247\168\243','\150\197'))[Zh('\146\209\16\173\218\15\161','\196\184c')]or Me[Zh('\170\136\139k\190\198\249\159\149\166g\145\195\239','\236\225\229\15\248\175\139')](Me,Zh('\241M\214R\210','\183?'))[Zh('y\226P\238','*\139')]~=Oj[Zh('G#{\n ','\18g')][Zh('!*8','O')](1,0,1,0)or Me[Zh('\139\26\179H~\249\2\190\a\158DQ\252\20','\205s\221,8\144p')](Me,Zh('\215\v\240\20\244','\145y'))[Zh('\231\183\190\161\195\177\162\166','\183\216\205\200')]~=Oj[Zh('\21F)or','@\2')][Zh('\246\253\239','\152')](0,0,0,1)or Me[Zh('\241q:\162\167\251\211\196l\23\174\136\254\197','\183\24T\198\225\146\161')](Me,Zh('=F\26Y\30','{4'))[Zh('\222\25:\224\53,','\132PT')]~=969 then if not(Me)then else Me[Zh('\179\161\248\131\182\228\142','\247\196\139')](Me)end Me=Oj[Zh('#R\149\195\vR\133\210','j<\230\183')][Zh('[PB','5')](Zh('s\215x\236E\218M\252I',' \180\n\137'),Oj[Zh('][W_','::')][Zh('\163\22\142\138\31\157\128','\243z\239')][Zh('v\23M\210\208j\20O\202\217H',':x.\179\188')][Zh('\127y(\232\202\142Z[)\245\224\133','(\24A\156\140\225')](Oj[Zh('][W_','::')][Zh('\163\22\142\138\31\157\128','\243z\239')][Zh('v\23M\210\208j\20O\202\217H',':x.\179\188')],Zh('\19\216D\227&\198b\239*','C\180%\154')));Me[Zh('\215\48\244\52','\153Q')]=Zh('\170-\208\140\207[x \231\181\30\231\173\187\tW:\228','\248{\137\216\255l5O\131');Me[Zh('\169\211\156&\29\233\148\245\157\50\20\250','\237\186\239Vq\136')]=999;Me[Zh('}\150kM\232\140\199A\152LL\233\140\244','4\241\5\"\154\233\128')]=true;Me[Zh('G#\156\238\17b{\21\159\234\18C','\21F\239\139e-')]=false local Wl=Oj[Zh('\135g\159\214\175g\143\199','\206\t\236\162')][Zh('\201\194\208','\167')](Zh("\188\'\155\56\159",'\250U'),Me);Wl[Zh('\212>\253\50','\135W')]=Oj[Zh('\n\221\54\244m','_\153')][Zh('\228\239\253','\138')](1,0,1,0);Wl[Zh('\130\53.\143\166\51\50\136','\210Z]\230')]=Oj[Zh('E\171y\130\"','\16\239')][Zh('\223\212\198','\177')](0,0,0,1);Wl[Zh('%\201\213\197W\252\145f\22_\144\21\201\216\221@\239\140v\22X\189','g\168\182\174\48\142\254\19x;\196')]=1;Wl[Zh('pt5NX#','*=[')]=969;Wl[Zh('\168\5\214\128\16\199','\233f\162')]=true;Wl[Zh('\148d\217\163\20\179\96\215\170\18','\199\1\181\198w')]=true end Oj[Zh('m\96jj','\25\1')][Zh('W9I,',' X')](0.016666666666666666)end end)local jo,Dc,af,c,nc,Bn=Zh('\239R\235\170\175\157\134\197\140\220\141~\138k\137\226I\215\144\234\245\138\226\191\251\173O\160w\178','\189\4\178\254\159\170\217\135\203\143\196!\199\4\237')..l_[Zh('\208\229\243\225','\158\132')]..Zh("gM:H\'","I\'"),Zh('\147\21\202\232\n\177\29\133\162M','\223z\171\140c'),Zh('\131\185\f\233\159\161\177C\163\216','\207\214m\141\246'),{[Zh('\234\141UR\155\142\140\194t[\147\194',"\189\226\'>\255\174")]={[Zh('\17\17\54\170\53\23*\173','A~E\195')]=Oj[Zh('\25S\162;x\181','Z\21\208')][Zh('HCQ','&')](-70.3784256,6862.18066,117.75927,0.99997562200000001,-2.6140133999999999e-07,0.0069818086899999998,2.5959522500000001e-07,1,2.5959542399999999e-07,-0.0069818086899999998,-2.5777666199999998e-07,0.99997562200000001)},[Zh('>%\240\128\142\18e,J\1\1 \177\180\136\6.\v_\19','mM\145\228\225eE~/\96')]={[Zh('\16\0\127\159\52\6c\152','@o\f\246')]=Oj[Zh('\179\194\146\145\233\133','\240\132\224')][Zh('\245\254\236','\155')](2354.1228000000001,3158.1853000000001,873.45281999999997,-0.433665156,3.4649215800000002e-07,0.90107411100000001,2.5959531100000001e-07,1,-2.5959542399999999e-07,-0.90107411100000001,1.2133710899999999e-07,-0.433665156)},[Zh('Bg\0\vqkn\15E\\','\24\2n+8')]={[Zh('\0\129\50\203$\135.\204','P\238A\162')]=Oj[Zh('\146\172\23\176\135\0','\209\234e')][Zh('\16\27\t','~')](4.8062472300000003,15972.772499999999,43.796966599999998,0.99981224499999999,-2.5451632299999998e-07,-0.019377794100000002,2.5959545299999999e-07,1,2.5959516800000002e-07,0.019377794100000002,-2.6457681199999998e-07,0.99981224499999999)},[Zh('\155V\168-\182\207J\a\185\19\151h\131\197H\2','\220\51\197\r\241\170$n')]={[Zh('D\199|\174\96\193\96\169','\20\168\15\199')]=Oj[Zh('D\203\15f\224\24','\a\141}')][Zh('p{i','\30')](4.9746746999999996,15976.543900000001,-0.74841928499999999,0.99976640900000002,-2.53923929e-07,0.021613849300000001,2.5959542399999999e-07,1,-2.5959556599999998e-07,-0.021613849300000001,2.6514575799999998e-07,0.99976640900000002)},[Zh('1\177\185?\23\185\185 \22','s\222\216M')]={[Zh('d\153\166\143@\159\186\136','4\246\213\230')]=Oj[Zh('\16\20\238\50?\249','SR\156')][Zh('\204\199\213','\162')](9793.75,26.101774200000001,30.150312400000001,0.99005234200000003,-2.9353807899999999e-07,0.14069949100000001,2.5959548099999999e-07,1,2.5959550999999999e-07,-0.14069949100000001,-2.2048820400000001e-07,0.99005234200000003)},[Zh('P\159\237\239\226~q\214\205\247\234gx','\22\246\158\135\139\16')]={[Zh('3\178\144\4\23\180\140\3','c\221\227m')]=Oj[Zh('\141\194\183\175\233\160','\206\132\197')][Zh('\213\222\204','\187')](-23662.912100000001,7.5776963200000003,-79.410987899999995,1,2.59595396e-07,-1.1443838099999999e-09,-2.59595396e-07,1,2.5959531100000001e-07,1.1444512000000001e-09,-2.5959531100000001e-07,1)}},{[Zh("ih\n\151\48D\'\"\157\56",'*\ag\250_')]={[Zh('\142\165\165\178\179','\193\215')]=1,[Zh('7\v\6\145\19\r\26\150','gdu\248')]=Oj[Zh('T,qv\af','\23j\3')][Zh('5>,','[')](-4.0635209100000003,9.2982025099999994,-79.875190700000005,-0.00064392638199999995,-2.59428134e-07,0.99999982099999996,2.5959559499999998e-07,1,2.59595367e-07,-0.99999982099999996,2.5976268599999999e-07,-0.00064392638199999995),[Zh('L\21|\14','\15z')]=10,[Zh('\237d\164\213\130\v\205h\130\222\151\0','\174\17\214\167\231e')]=Zh('\239\19\197\18\223','\172|'),[Zh('\248\\\192{\238[\183@\223H\218f\233]\128@\195','\177;\174\20\156>\244/')]=false},[Zh('R\225rf[d\245=WHf','\1\145\29\18/')]={[Zh('\239\180\196\163\210','\160\198')]=2,[Zh('[:\29\212\127<\1\211','\vUn\189')]=Oj[Zh('\203k\26\233@\r','\136-h')][Zh('YR@','7')](-4.0564684900000003,9.2982025099999994,-68.873893699999996,-0.00064401462400000005,-2.59428134e-07,0.99999982099999996,2.5959542399999999e-07,1,2.59595367e-07,-0.99999982099999996,2.5976254400000001e-07,-0.00064401462400000005),[Zh('/\a\31\28','lh')]=110,[Zh('s\168\205\173_kS\164\235\166J\96','0\221\191\223:\5')]=Zh('\154\14\176\15\170','\217a'),[Zh('\232\21\247\141\5\55\4\28\207\1\237\144\2\49\51\28\211','\161r\153\226wRGs')]=false},[Zh('\23d\14~\193\128,cKH\206\134','^\ak\r\169\225')]={[Zh(')\218\2\205\20','f\168')]=3,[Zh('\161\243\144.\133\245\140)','\241\156\227G')]=Oj[Zh('\253\203\220\223\224\203','\190\141\174')][Zh('\180\191\173','\218')](-4.0494179700000004,9.2982025099999994,-57.873680100000001,-0.00064421631400000002,2.59428049e-07,0.99999982099999996,-2.5959548099999999e-07,1,-2.59595339e-07,-0.99999982099999996,-2.5976268599999999e-07,-0.00064421631400000002),[Zh('\197l\245w','\134\3')]=450,[Zh("\156\242\194,\138\n\188\254\228\'\159\1",'\223\135\176^\239d')]=Zh('\155\252\177\253\171','\216\147'),[Zh('\233\219\129\137\252\19\30y\206\207\155\148\251\21)y\210','\160\188\239\230\142v]\22')]=false},[Zh('\234\182\175\199\185\192\230\131\203\187','\185\198\198\172\220')]={[Zh('\149\167\190\176\168','\218\213')]=4,[Zh('N\192\222/j\198\194(','\30\175\173F')]=Oj[Zh('\177\250\238\147\209\249','\242\188\156')][Zh('\184\179\161','\214')](-6.8240132300000003,422.91009500000001,156.919388,-0.99613833399999996,2.8138475699999999e-07,-0.087797544899999996,2.59595367e-07,1,2.5959553799999998e-07,0.087797544899999996,2.35801238e-07,-0.99613833399999996),[Zh('^\nn\17','\29e')]=5000,[Zh('\6M\21\165\"\230&A3\174\55\237','E8g\215G\136')]=Zh('\222U\244T\238','\157:'),[Zh('\212\170\228\219>\4%_\243\190\254\198\57\2\18_\239','\157\205\138\180Laf0')]=false},[Zh('\190\251\15\146\146\186-\152\148','\243\154h\255')]={[Zh('\231\15\204\24\218','\168}')]=5,[Zh('ay\2\165E\127\30\162','1\22q\204')]=Oj[Zh('\132\216\n\166\243\29','\199\158x')][Zh('\222\213\199','\176')](-16.718771,2665.16455,8.2902631800000002,-0.00404130854,3.3201567099999999e-38,0.99999183400000002,-1.8905628e-38,1,-3.3278243300000001e-38,-0.99999183400000002,-1.90399607e-38,-0.00404130854),[Zh('a\180Q\175','\"\219')]=15000,[Zh('\209T\202o\195g\241X\236d\214l','\146!\184\29\166\t')]=Zh('\236\132\198\133\220','\175\235'),[Zh('\196\220<\255\164-\239l\227\200&\226\163+\216l\255','\141\187R\144\214H\172\3')]=false},[Zh('P\191Zi\215r\161\3_\196t','\19\205#\26\163')]={[Zh('\230\183\205\160\219','\169\197')]=6,[Zh('\200u\153\n\236s\133\r','\152\26\234c')]=Oj[Zh('\226\129\6\192\170\17','\161\199t')][Zh('\250\241\227','\148')](-16.676975299999999,2665.16455,18.665229799999999,-0.0040414277499999998,0,0.99999183400000002,0,1,0,-0.99999183400000002,0,-0.0040414277499999998),[Zh('\243t\195o','\176\27')]=75000,[Zh('\132\144\28\214\239\131\164\156:\221\250\136','\199\229n\164\138\237')]=Zh('\251\248\209\249\203','\184\151'),[Zh("J\"\202g\fKe\'m6\208z\vMR\'q",'\3E\164\b~.&H')]=false},[Zh('b@\96\26\\\21K\28I','.5\14{')]={[Zh('\29\186\54\173 ','R\200')]=7,[Zh('\239\248C\19\203\254_\20','\191\151\48z')]=Oj[Zh(' {\201\2P\222','c=\187')][Zh('HCQ','&')](-56.853240999999997,6862.5820299999996,80.575447100000005,0.99999928500000002,2.5990797800000003e-07,0.00120420242,-2.5959556599999998e-07,1,-2.5959550999999999e-07,-0.00120420242,2.5928269999999998e-07,0.99999928500000002),[Zh('Equj','\6\30')]=100000,[Zh("\188\167g#\'%\156\171A(2.",'\255\210\21QBK')]=Zh('.>\4?\30','mQ'),[Zh('CV/u\24 b$dB5h\31&U$x','\n\49A\26jE!K')]=false},[Zh('y\141\49\193\15\167?\194','/\226X\165')]={[Zh("\'\96\fw\26",'h\18')]=8,[Zh("\tO\'S-I;T",'Y T:')]=Oj[Zh('\204\18d\238\57s','\143T\22')][Zh('\137\130\144','\231')](4.4434676199999998,10147.8027,186.87919600000001,-0.609629333,3.6403494600000001e-07,-0.79268664099999997,2.5959545299999999e-07,1,2.5959559499999998e-07,0.79268664099999997,-4.7520771300000001e-08,-0.609629333),[Zh('Rsbh','\17\28')]=175000,[Zh('\196\174O\215\28d\228\162i\220\to','\135\219=\165y\n')]=Zh('\197\209\239\208\245','\134\190'),[Zh('\4e<\198; gO#q&\219<&PO?','M\2R\169IE$ ')]=false},[Zh(']\188\157\54\53\156\150=','\21\217\241Z')]={[Zh('9\127\18h\4','v\r')]=9,[Zh(';L\163\134\31J\191\129','k#\208\239')]=Oj[Zh('\252A\255\222j\232','\191\a\141')][Zh('v}o','\24')](-6.2800021199999998,10147.8027,191.65692100000001,-0.99130147700000004,-2.2317172499999999e-07,0.131610751,-2.59595367e-07,1,-2.5959542399999999e-07,-0.131610751,-2.9150288600000002e-07,-0.99130147700000004),[Zh('\147\\\163G','\208\51')]=300000,[Zh('<B@\a\253\217\28Nf\f\232\210','\127\55\50u\152\183')]=Zh('\234\204\192\205\218','\169\163'),[Zh('*\139F\0A\166\239\130\r\159\\\29F\160\216\130\17','c\236(o3\195\172\237')]=false},[Zh('0\187@<\14p\31\160Bt?z\25',"~\210\'Tz\29")]={[Zh('1\229\26\242\f','~\151')]=10,[Zh('OW\166\197kQ\186\194','\31\56\213\172')]=Oj[Zh('i)XK\2O','*o*')][Zh('\220\215\197','\178')](-15.9982901,10147.8027,185.164795,-0.40573734,3.4259502999999998e-07,0.91398972300000003,2.5959545299999999e-07,1,-2.59595339e-07,-0.91398972300000003,1.3194005499999999e-07,-0.40573734),[Zh('Q\166a\189','\18\201')]=900000,[Zh('&\165%\140\151\171\6\169\3\135\130\160','e\208W\254\242\197')]=Zh('\161\a\139\6\145','\226h'),[Zh('\146\205\201\30\254o\175E\181\217\211\3\249i\152E\169','\219\170\167q\140\n\236*')]=false},[Zh('\223\135T2\135\226\145\29\25\130\234','\141\230=\\\229')]={[Zh('#a\bv\30','l\19')]=11,[Zh('\222e\164U\250c\184R','\142\n\215<')]=Oj[Zh("\254\'\18\220\f\5",'\189a\96')][Zh('\221\214\196','\179')](-35.576030699999997,15972.4229,43.764083900000003,-0.96547520200000003,1.83009519e-07,0.26049497700000002,2.59595396e-07,1,2.5959573700000002e-07,-0.26049497700000002,3.1825655399999999e-07,-0.96547520200000003),[Zh('\225\238\209\245','\162\129')]=1500000,[Zh("\151\b\'\139\166\232\183\4\1\128\179\227",'\212}U\249\195\134')]=Zh('\190\165\148\164\142','\253\202'),[Zh('\231Np\228-)\222|\192Zj\249*/\233|\220','\174)\30\139_L\157\19')]=false},[Zh('\152\136\165Yd\170\142\234kn\172','\203\224\202.\t')]={[Zh('%\173\14\186\24','j\223')]=12,[Zh('3\150\129R\23\144\157U','c\249\242;')]=Oj[Zh('\128\6=\162-*','\195@O')][Zh('1:(','_')](9940.3115199999993,26.8970299,209.978363,-0.69887876500000001,-3.6709877800000001e-07,-0.71524018,-2.5959531100000001e-07,1,-2.5959548099999999e-07,0.71524018,4.2472350100000002e-09,-0.69887876500000001),[Zh("q\'A<",'2H')]=1000,[Zh('\20O42\180\168\52C\18\57\161\163','W:F@\209\198')]=Zh('\240\227|\207\239k\215','\164\138\31'),[Zh("\'\223\201\161\222\f<{\0\203\211\188\217\n\v{\28",'n\184\167\206\172i\127\20')]=false},[Zh('\220\203\158~\230\246\130\181p\239','\145\162\240\23\136')]={[Zh('+\201\0\222\22','d\187')]=13,[Zh('\253\232\235H\217\238\247O','\173\135\152!')]=Oj[Zh('b{\146@P\133','!=\224')][Zh('\253\246\228','\147')](9918.5390599999992,7682.0449200000003,242.783905,-0.32808327700000001,3.3039546600000001e-07,-0.94464880200000001,2.5959556599999998e-07,1,2.59595396e-07,0.94464880200000001,-1.6005773799999999e-07,-0.32808327700000001),[Zh('\14\27>\0','Mt')]=120000,[Zh('\181\249i\rB*\149\245O\6W!',"\246\140\27\127\'D")]=Zh('\204Bv\243Na\235','\152+\21'),[Zh('\232\179\181\251\157\225\161J\207\167\175\230\154\231\150J\211','\161\212\219\148\239\132\226%')]=false},[Zh('\201\22g\245\248O@\247\237','\138o\5\144')]={[Zh('\232F\195Q\213','\167\52')]=14,[Zh('\172\19\50\f\136\21.\v','\252|Ae')]=Oj[Zh('=\1L\31*[','~G>')][Zh('\212\223\205','\186')](9913.4882799999996,13410.247100000001,242.496567,0.00606069295,2.58017394e-07,-0.99998164199999995,2.5959550999999999e-07,1,2.5959548099999999e-07,0.99998164199999995,-2.6116404700000001e-07,0.00606069295),[Zh('\208\249\224\226','\147\150')]=450000,[Zh('\15JL\150\b\255/Fj\157\29\244','L?>\228m\145')]=Zh('\140\217\170\179\213\189\171','\216\176\201'),[Zh('\207\238\195P\246:q\20\232\250\217M\241<F\20\244','\134\137\173?\132_2{')]=false},[Zh('\28V\v\253rv\3\244','R3d\147')]={[Zh('yiR~D','6\27')]=15,[Zh('\135\177\217?\163\183\197\56','\215\222\170V')]=Oj[Zh("_\t\'}\"\48",'\28OU')][Zh('\18\25\v','|')](9883.4736300000004,20089.773399999998,260.44686899999999,-0.99999922500000005,2.5926962599999998e-07,0.0012535946400000001,2.5959525400000001e-07,1,2.5959548099999999e-07,-0.0012535946400000001,2.59920711e-07,-0.99999922500000005),[Zh('vrFi','5\29')]=1300000,[Zh('[\240\133\198\171\138{\252\163\205\190\129','\24\133\247\180\206\228')]=Zh('*\aD\21\vS\r',"~n\'"),[Zh('ry\181\131\31\246\181\48Um\175\158\24\240\130\48I',';\30\219\236m\147\246_')]=false},[Zh('\195s\212\170U\202\237','\138\16\173')]={[Zh('\134V\173A\187','\201$')]=16,[Zh(')\133\f:\r\131\16=','y\234\127S')]=Oj[Zh('@\238\156b\197\139','\3\168\238')][Zh('\160\171\185','\206')](-21428.1777,7.1648092300000004,-100876.719,-0.99657601100000004,2.3724311399999999e-07,-0.082681402599999995,2.5959570800000002e-07,1,-2.5959579400000001e-07,0.082681402599999995,-2.8017066699999998e-07,-0.99657601100000004),[Zh('L\22|\r','\15y')]=25,[Zh('\238\225\187M\202L\206\237\157F\223G','\173\148\201?\175\"')]=Zh('t\166mV\175\127','$\195\f'),[Zh('\223\201\234\184\14\141*\224\248\221\240\165\t\139\29\224\228','\150\174\132\215|\232i\143')]=false},[Zh('\144\215zk\230\251si','\198\190\20\14')]={[Zh('\14!%63','AS')]=17,[Zh('\201\1T!\237\aH&',"\153n\'H")]=Oj[Zh('\n\19E(8R','IU7')][Zh('\234\225\243','\132')](-19303.25,7.3095459900000002,18899.9277,-0.84210872699999995,0,-0.53930777299999999,0,1,0,0.53930777299999999,0,-0.84210872699999995),[Zh('\225\243\209\232','\162\156')]=250,[Zh('\156\148\155\194.~\188\152\189\201;u','\223\225\233\176K\16')]=Zh('HS\161jZ\179','\24\54\192'),[Zh('\201\241\233&\160\3\183O\238\229\243;\167\5\128O\242','\128\150\135I\210f\244 ')]=false},[Zh('*P\180\148Ft\165\146','f1\194\245')]={[Zh('\220\51\247$\225','\147A')]=18,[Zh('uKP,QML+','%$#E')]=Oj[Zh('\20\145\203\54\186\220','W\215\185')][Zh('\154\145\131','\244')](-71.781456000000006,12.810639399999999,15.9462814,-0.74431115400000003,-3.6658599399999998e-07,-0.66783297100000005,-2.59595396e-07,1,-2.5959522500000001e-07,0.66783297100000005,-1.9853251500000002e-08,-0.74431115400000003),[Zh('\ti9r','J\6')]=750,[Zh('<QJ\208XB\28]l\219MI','\127$8\162=,')]=Zh('\199\165\186\229\172\168','\151\192\219'),[Zh('\155\201\160\127S\160\205\r\188\221\186bT\166\250\r\160','\210\174\206\16!\197\142b')]=false},[Zh('\129\"\241\fCf\169%\189(Ju','\192V\157m-\18')]={[Zh('$\140\15\155\25','k\254')]=19,[Zh('\25\154V\157=\156J\154','I\245%\244')]=Oj[Zh('Z25x\25\"','\25tG')][Zh('\3\b\26','m')](-13945.968800000001,13.0212469,-20255.3125,-0.99999988100000003,0,-0.00054350309100000005,0,1,0,0.00054350309100000005,0,-0.99999988100000003),[Zh('\132\174\180\181','\199\193')]=1000,[Zh('\158\157\153\191|\140\190\145\191\180i\135','\221\232\235\205\25\226')]=Zh('A\136\228c\129\246','\17\237\133'),[Zh('6m\2\19XS\30\240\17y\24\14_U)\240\r','\127\nl|*6]\159')]=false},[Zh('\153\227\19<\170\179\236R\n\190\189','\218\143rO\217')]={[Zh('\29\222\54\201 ','R\172')]=20,[Zh('O\143\220\192k\137\192\199','\31\224\175\169')]=Oj[Zh('\v\175\157)\132\138','H\233\239')][Zh('\241\250\232','\159')](-41511.468800000002,9.0661134699999995,-20492.037100000001,-0.99999558899999996,-9.9326969199999996e-16,-0.00297134626,-9.9526710099999995e-16,1,6.7075130900000004e-16,0.00297134626,6.7370560099999998e-16,-0.99999558899999996),[Zh('\17d!\127','R\v')]=2000,[Zh('\150\225\248+\149f\182\237\222 \128m','\213\148\138Y\240\b')]=Zh('u\146\156W\155\142','%\247\253'),[Zh('N\166X\187\56-\154\227i\178B\166?+\173\227u','\a\193\54\212JH\217\140')]=false},[Zh('\248\21\139\210\196\223P\173\199\198','\171p\232\160\161')]={[Zh('\167\143\140\152\154','\232\253')]=21,[Zh('h\24l\22L\30p\17','8w\31\127')]=Oj[Zh('1\128\14\19\171\25','r\198|')][Zh('\220\215\197','\178')](-19442.830099999999,9.6145324700000003,18836.921900000001,0.92368370300000002,0,0.383155882,0,1,0,-0.383155882,0,0.92368370300000002),[Zh('\135\22\183\r','\196y')]=1,[Zh('\4\245\200l.($\249\238g;#','G\128\186\30KF')]=Zh('\201\152\227\153\249','\138\247'),[Zh('\v\27k\t\175\226F\222,\15q\20\168\228q\222\48','B|\5f\221\135\5\177')]=false},[Zh('\249_t\185\174\227\196H2\149\167\237','\176\49\18\208\192\138')]={[Zh('%2\14%\24','j@')]=22,[Zh('\151V\159\143\179P\131\136','\199\57\236\230')]=Oj[Zh('\200d\127\234Oh','\139\"\r')][Zh('\215\220\206','\185')](-94.912666299999998,8.2981948899999995,-26.949325600000002,0.000889187853,2.5936444099999998e-07,0.99999958300000003,2.5959556599999998e-07,1,-2.59595367e-07,-0.99999958300000003,2.5982629400000002e-07,0.000889187853),[Zh('saCz','0\14')]=0,[Zh('f\245i\139RXF\249O\128GS','%\128\27\249\55\54')]=Zh('T5[','\26'),[Zh('\177(>\24\181\231\202\220\150<$\5\178\225\253\220\138','\248OPw\199\130\137\179')]=false},[Zh('D\vk\30e\128\232v\4w\14\51\160\253b','\5e\5w\19\229\154')]={[Zh('x\221S\202E','7\175')]=23,[Zh('\131\252\244\250\167\250\232\253','\211\147\135\147')]=Oj[Zh('\212\224 \246\203\55','\151\166R')][Zh('\161\170\184','\207')](2444.7214399999998,3161.02612,852.37481700000001,-0.58069765600000001,0,-0.81411927900000003,0,1,0,0.81411927900000003,0,-0.58069765600000001),[Zh('\216C\232X','\155,')]=415,[Zh('\224:\v\22\16z\192\54-\29\5q','\163Oydu\20')]=Zh('\19\50\57$','TW'),[Zh('\140\206\164i\212\164\25\4\171\218\190t\211\162.\4\183','\197\169\202\6\166\193Zk')]=false}},{[Zh('\223\138-\162\155\253\130b\232\220','\147\229L\198\242')]={[Zh('\211\200\248\223\238','\156\186')]=1}};Oj[Zh('\191\"\184(','\203C')][Zh('\f*\30-\17','\127Z')](function()local function Ob()local kl,Gk=Oj[Zh('\162\184\179\183\190','\210\219')](function()return Oj[Zh('*\139 \143','M\234')][Zh('_\213Mg\230\\c','\23\161\57')](Oj[Zh('*\139 \143','M\234')],Zh("\173\57\233\201\175Mc\236:\t\221\240X\29XM4\96@h\245z\246}\173\137\186\5)\170\'V\157\183\5J\2\19t,C;\165\'\182",'\197M\157\185\149bL\222\n?\243\193\96$v|\6Un^\194@'),true,3)end)if not(not kl or not Gk)then else Oj[Zh('\175\205\170\194','\216\172')](Zh(Gb'yfGD5tZekshr3xQc69oOIyuQ3DbJ0lQBbw3g9s3khF6Yyz7ZBRr6iAYob5LYNtTcEkwpRw==',Gb'iJ+jg6Qs/bpLsHd/nqhrRwvntFOn8jJkG24='))return nil end local on,ek=Oj[Zh('t\195e\204h','\4\160')](function()return _h[Zh('\254\236\165\247\254\209\220\133\221\223','\180\191\234\185\186')](_h,Gk)end)if not(not on)then else return nil end return ek end while not Eh[Zh('s\140\53Rx\150/Tp','4\217|\17')]do local Na=Ob()local Di=Na and Na[Zh('\r@LU\229<\199;VNL\238=\240','^%>#\128N\149')]if not(Oj[Zh('\166u\162i','\210\f')](Di)==Zh('\208|\198q\193','\164\29'))then Oj[Zh('\137\242\140\253','\254\147')](Zh(Gb'g7I9A3Rz8StIw6C//F2QrUgqkauyIjSdql+qtXMBJnP7KB3FsbntD5imDCiVq68sctDsFQ==',Gb'wtwdZgYBnllorMPciS/1yWhd+c7cAlL43jw='))else Bn=Di end Oj[Zh('\23\55\16=','cV')][Zh('\167\132\185\145','\208\229')](10)end end)repeat Oj[Zh('m\25j\19','\25x')][Zh('\164W\186B','\211\54')](0.016666666666666666)until not Bn[Zh('\187\218\180\194\n\153\210\251\136M','\247\181\213\166c')]local Sb,ab,qm,v,ej,fk,e_,Ea={[Zh('\244bqVM\206\197xc\25p\212\196','\160\n\20v\2\184')]={[Zh('\242\160\217\183\207','\189\210')]=1},[Zh('\215\25\150,\31\141\198\191\186 \153\55\25\136\194\169\255','\154p\248Ex\236\171\218')]={[Zh('kF@QV','$4')]=2},[Zh(' \141\213:\252S\187\198>\225','s\232\163_\146')]={[Zh('\151\214\188\193\170','\216\164')]=3}},{[Zh('r\135\230R\227\1l\173\\\194\212X\155\229O\173-t\189\v\248\195',';\233\128;\141h\24\212s\145\177')]={[Zh('\211\176\248\167\238','\156\194')]=1,[Zh('\203z\227p\231','\130\23')]=Zh('\flV\152\197\198\30q\18\141\172\1cI<\26\193\142\135C4L\209\166\22yH','~\14.\249\182\181{\5{\233\150.L')},[Zh('\127\198\222\15z\127\220\211\1)','-\179\176jZ')]={[Zh('\194{\233l\255','\141\t')]=2,[Zh('\233\154\193\144\197','\160\247')]=Zh('\179\221e\218f)\241>e\231\"\148|\248\142%\142%n\172{4\177(\143a\246','\193\191\29\187\21Z\148J\f\131\24\187S')},[Zh('\189\20\160\173\248\221\178\173\14\184\186\227\203\254','\238|\193\201\151\170\146')]={[Zh('S\250x\237n','\28\136')]=3,[Zh('LAdK\96','\5,')]=Zh('\233\215\203-\137;R\158\52\5v\215\49^\171\129\133{\206~\6\221eQt\204-W','\155\181\179L\250H7\234]aL\248\30o')},[Zh('<\24\222\tsX9\211\tl\28','xj\187h\30')]={[Zh('\6M-Z;','I?')]=4,[Zh("\'.\15$\v",'nC')]=Zh('\20\165\156~\247\168\195\185X\4\133\16H\127T\254\215&\180\236\151\245\2P\138\aWv','f\199\228\31\132\219\166\205\49\96\191?gN')},[Zh('\r\164LP\f\27K8\183NX\aUy','J\214)5b;\r')]={[Zh('*N\1Y\23','e<')]=5,[Zh('\137s\161y\165','\192\30')]=Zh('\204\232\129\186\199\188\193\166\183\167\213lUJ\142\190\204\238\131\250\145\235\239\240\219sHI','\190\138\249\219\180\207\164\210\222\195\239Cz{')}},{[Zh('\28\175%\r\1\171%N$','L\202Q-')]={[Zh('\223\245\244\226\226','\144\135')]=1,[Zh("\135!/\128\163\'\51\135",'\215N\\\233')]=Oj[Zh('\155jp\185Ag','\216,\2')][Zh('\0\v\25','n')](9909.4902299999994,2907.40771,225.727768,-0.99770516200000003,2.7657637199999997e-07,-0.067708164500000001,2.59595367e-07,1,2.5959545299999999e-07,0.067708164500000001,2.4142301000000001e-07,-0.99770516200000003),[Zh('\24\178(\169','[\221')]=5000},[Zh('\208}\146*\215\214o\131?\135\246','\147\28\224^\247')]={[Zh('\200\155\227\140\245','\135\233')]=2,[Zh('\213\243l\19\241\245p\20','\133\156\31z')]=Oj[Zh('\205\252\190\239\215\169','\142\186\204')][Zh('w|n','\25')](9901.24316,7681.2260699999997,254.462311,-0.955711961,-3.24498387e-07,0.29430365600000002,-2.5959542399999999e-07,1,2.5959559499999998e-07,-0.29430365600000002,1.7169873000000001e-07,-0.955711961),[Zh('\135\172\183\183','\196\195')]=200000},[Zh('\152M\138\180\158\234a\132\186\157','\202\"\232\219\234')]={[Zh('\133\155\174\140\184','\202\233')]=3,[Zh("\222?\'\157\250\57;\154",'\142PT\244')]=Oj[Zh('\134\248\f\164\211\27','\197\190~')][Zh('\143\132\150','\225')](9888.1279300000006,13409.247100000001,261.94576999999998,-0.99999755599999995,-2.6017173100000001e-07,0.0022217128399999999,-2.5959562300000003e-07,1,2.5959553799999998e-07,-0.0022217128399999999,2.5901815100000002e-07,-0.99999755599999995),[Zh('&>\22%','eQ')]=2500000},[Zh('+W \253\18Cj1\234\20\16','c.P\152\96')]={[Zh('\168\15\131\24\149','\231}')]=4,[Zh('\177\147\27\224\149\149\a\231','\225\252h\137')]=Oj[Zh('5\243\26\23\216\r','v\181h')][Zh('}vd','\19')](9860.1914099999995,20089.099600000001,254.75614899999999,-0.76200717699999998,3.6591973200000002e-07,0.64756858299999998,2.5959570800000002e-07,1,-2.5959556599999998e-07,-0.64756858299999998,-2.9707671000000001e-08,-0.76200717699999998),[Zh('\202\248\250\227','\137\151')]=5000000}},{[Zh('\169\224\159\248','\236\129')]={[Zh('iSBDT','&!')]=1},[Zh('\206j{\234zr','\131\15\31')]={[Zh('3\6\24\17\14','|t')]=2},[Zh('\166q\156t','\238\16')]={[Zh('\206\162\229\181\243','\129\208')]=3},[Zh('F\223in\223\127','\15\177\26')]={[Zh('\216\201\243\222\229','\151\187')]=4}},{[Zh('\246\155}\133\227\156h\192','\183\245\4\165')]={[Zh('\151\148\188\131\170','\216\230')]=1,[Zh('\192e\232o\236','\137\b')]=Zh('\"\14\225\175\6\202\164$\5\253\244Z\150\241','Pl\153\206u\185\193')},[Zh('\194\187\243\221\158\229g\242\245\208\216\153\244z\249','\139\213\149\180\240\140\19')]={[Zh('\139\149\160\130\182','\196\231')]=3,[Zh('\28}4w0','U\16')]=Zh('gk\199\192\156\240\222\173\175\208\52\174\255\";\139\153\215\177\131\232\241\140>\185\229#','\21\t\191\161\239\131\187\217\198\180\14\129\208')}},{[Zh(',','\28')]={[Zh('\229m\206z\216','\170\31')]=1},[Zh('\236','\221')]={[Zh('4Q\31F\t','{#')]=2},[Zh('a','S')]={[Zh('\197\178\238\165\248','\138\192')]=3},[Zh('-','\30')]={[Zh('S\243x\228n','\28\129')]=4},[Zh('\146','\166')]={[Zh('\t\246\"\225\52','F\132')]=5},[Zh('\249','\204')]={[Zh('\219\191\240\168\230','\148\205')]=6}},{[Zh('\175AxL>\133\17T@<',"\252\49\17\'[")]={[Zh('\3\48&30','T_')]=Zh('\219\15\253\15\v~\234\21\239@6d\235','\143g\152/D\b')},[Zh('z\29\173\221V\\\143\215P','7|\202\176')]={[Zh('h\150M\149[','?\249')]=Zh('N\156E\31\135\18\127\134WP\186\b~','\26\244 ?\200d')},[Zh("\154\159C\17\255\184\129\26\'\236\190",'\217\237:b\139')]={[Zh('<\137\25\138\15','k\230')]=Zh('?|\242\51\157\135\14f\224|\160\157\15','k\20\151\19\210\241')},[Zh('\224\16p\150\222E[\144\203','\172e\30\247')]={[Zh('\154@\191C\169','\205/')]=Zh('\18\220\255\191P5#\198\237\240m/\"','F\180\154\159\31C')},[Zh('-4(][\30&^','{[A9')]={[Zh("\168\'\141$\155",'\255H')]=Zh('u\225P\25\163\153D\251BV\158\131E','!\137\53\57\236\239')},[Zh("\17\48,Uy\16\'^",'YU@9')]={[Zh('\207Z\234Y\252','\152\53')]=Zh('\5\26\209\152L\f\52\0\195\215q\22\53','Qr\180\184\3z')},[Zh('\163\54\218\30\30\214\140-\216V/\220\138','\237_\189vj\187')]={[Zh('\191\218\154\217\140','\232\181')]=Zh('Im\230\140\172^xw\244\195\145Dy','\29\5\131\172\227(')},[Zh("\238\"n\237@\211\52\'\198E\219",'\188C\a\131\"')]={[Zh('\149\139\176\136\166','\194\228')]=Zh('\240\212\50\144YO\193\206 \223dU\192','\164\188W\176\22\57')},[Zh('\148[\152\209\54\190\18\179\223?','\217\50\246\184X')]={[Zh('5&\16%\6','bI')]=Zh('\5\0dM\239R\130$h9kV\233W\134\50-','Hi\n$\136\51\239A')},[Zh('\15\168v\155>\241Q\153+','L\209\20\254')]={[Zh('p\223U\220C',"\'\176")]=Zh('0\b\166\221@\235Z\129]1\169\198F\238^\151\24',"}a\200\180\'\138\55\228")},[Zh('\149\15jP\251/bY','\219j\5>')]={[Zh('\225\209\196\210\210','\182\190')]=Zh('\24e\151\170\154\144\248\188u\\\152\177\156\149\252\170\48','U\f\249\195\253\241\149\217')}},{[Zh('\176\191\254K\243\195\137\237O\238','\227\218\136.\157')]={[Zh('+s\251\254\15u\231\249','{\28\136\151')]=Oj[Zh('daRFJE',"\'\' ")][Zh('\96ky','\14')](-23651.472699999998,8.5398168600000002,-160.89967300000001,1,-2.5959559499999998e-07,4.0450288500000003e-08,2.5959562300000003e-07,1,-2.5959550999999999e-07,-4.0450224500000002e-08,2.5959550999999999e-07,1),[Zh('~\156D\156^','2\249')]=0},[Zh('\31\142\49\24\183\141\r\57\194\16\v\161\128\f',']\226Xb\205\236\127')]={[Zh('\167\249>\242\131\255\"\245','\247\150M\155')]=Oj[Zh('\201^\220\235u\203','\138\24\174')][Zh('\21\30\f','{')](-21381.169900000001,7.5563092200000002,-101000.164,0.99782150999999997,4.5022431000000003e-21,-0.065971672499999995,-5.5452338400000001e-21,1,-1.5626563000000001e-20,0.065971672499999995,1.5958348e-20,0.99782150999999997),[Zh('C\152y\152c','\15\253')]=5},[Zh('\149\128DC\202D\229\165X^\194F\160','\197\239-0\165*')]={[Zh('\215\22\6\254\243\16\26\249','\135yu\151')]=Oj[Zh('wC\234Uh\253','4\5\152')][Zh('=6$','S')](-19279.666000000001,7.8945059799999999,18679.796900000001,0.99999779499999997,-1.7645393800000001e-23,0.0020920455,1.7665509700000001e-23,1,-9.5967587600000002e-24,-0.0020920455,9.6336948000000003e-24,0.99999779499999997),[Zh('\196\132\254\132\228','\136\225')]=8},[Zh("\'i\208\228_@\237\204\v\'\224\238AM\229\214\1",'n\a\182\129-.\132\184')]={[Zh('\207w*\170\235q6\173','\159\24Y\195')]=Oj[Zh('\204\218\49\238\241&','\143\156C')][Zh('\3\b\26','m')](-17223.351600000002,10.3985424,-20488.474600000001,0.99