local ho=(getfenv())local kn,ib,Gf=(string.char),(string.byte),(bit32 .bxor)local L=function(Fl,Ml)local Cm=''for hm=243,(#Fl-1)+243 do Cm=Cm..kn(Gf(ib(Fl,(hm-243)+1),ib(Ml,(hm-243)%#Ml+1)))end return Cm end local J,Ub=(string.gsub),(string.char)local jh=(function(Sg)Sg=J(Sg,'[^ABCDEFGHIJKLMNOPQRSTUVWXYZabcdefghijklmnopqrstuvwxyz0123456789+/=]','')return(Sg:gsub('.',function(Hg)if(Hg=='=')then return''end local Rj,Vi='',(('ABCDEFGHIJKLMNOPQRSTUVWXYZabcdefghijklmnopqrstuvwxyz0123456789+/'):find(Hg)-1)for qm=6,1,-1 do Rj=Rj..(Vi%2^qm-Vi%2^(qm-1)>0 and'1'or'0')end return Rj end):gsub('%d%d%d?%d?%d?%d?%d?%d?',function(lm)if(#lm~=8)then return''end local Nl=0 for hc=1,8 do Nl=Nl+(lm:sub(hc,hc)=='1'and 2^(8-hc)or 0)end return Ub(Nl)end))end)if not(not ho[L('\153\213\147\209','\254\180')][L('\190F\96\57\150QI2','\247\53,V')](ho[L('\153\213\147\209','\254\180')]))then else ho[L('a\155k\159','\6\250')][L('\224\161\247\200\171\242','\172\206\150')][L('8~\6k','o\31')](ho[L('a\155k\159','\6\250')][L('\224\161\247\200\171\242','\172\206\150')])end if not(ho[L('\219Y\209]','\188\56')][L('\190\244\198\141\253\238\138','\238\152\167')]~=85896571713843)then else return end local Lc=ho[L('6\\<X','Q=')][L('w\168\130j\17B\187\159Z\17','0\205\246\57t')](ho[L('6\\<X','Q=')],L('2\158\3\27\151\16\17','b\242b'))local Dm,Yn,y,rm,ag,mp,ci,xj,Qj,Kb,Sm,sf,Nk=Lc[L('\182A\5\183k\170B\a\175b\136','\250.f\214\a')],ho[L('\252\240\246\244','\155\145')][L('\150\b\234o\21\163\27\247_\21','\209m\158<p')](ho[L('\252\240\246\244','\155\145')],L('\185\v\"\232\127\53\136\14\49\228r\3','\237|G\141\17f')),ho[L('\20\252\30\248','s\157')][L('q;\129\136@D(\156\184@','6^\245\219%')](ho[L('\20\252\30\248','s\157')],L('|\2#9u\205)h]\"#9J\202:x',')qFK<\163Y\29')),ho[L('\206\31\196\27','\169~')][L('\249\176\144i\244\204\163\141Y\244','\190\213\228:\145')](ho[L('\206\31\196\27','\169~')],L('\235\136\18\15]\222\139\18?]','\172\253{\\\56')),ho[L('A\164K\160','&\197')][L('\250\128U\31\31\207\147H/\31','\189\229!Lz')](ho[L('A\164K\160','&\197')],L('\172\248\57#7\140\251>\19\55','\254\141WpR')),ho[L('\220\221\214\217','\187\188')][L('\136\158yLZ\189\141d|Z','\207\251\r\31?')](ho[L('\220\221\214\217','\187\188')],L('W\239\148Exz\233\150\\Hz','\31\155\224\53+')),ho[L('\189A\183E','\218 ')][L('\27\213\20<\\.\198\t\f\\','\\\176\96o9')](ho[L('\189A\183E','\218 ')],L('\212\180\158\138\16\164\55\150\227\181\189\146\22\181\55\133\227','\134\209\238\230y\199V\226')),ho[L('\200Q\194U','\175\48')][L('\183\166\14\166\231\130\181\19\150\231','\240\195z\245\130')](ho[L('\200Q\194U','\175\48')],L('d\214\253:\200.\149\142\163\242N\214\253\29\200$\151\166\163\227',"\'\185\147N\173V\225\207\192\134")),ho[L('\237\133\231\129','\138\228')][L('\187l\182\f\"\142\127\171<\"','\252\t\194_G')](ho[L('\237\133\231\129','\138\228')],L('1IC\r\tIJ\2','} $e')),ho[L('\155\156\145\152','\252\253')][L('\234N4\226\130\223])\210\130','\173+@\177\231')](ho[L('\155\156\145\152','\252\253')],L('#\15\24\203z\20\n?\204j\a','ufj\191\15')),ho[L('\186\208\176\212','\221\177')][L('\193W\204\181\198\244D\209\133\198','\134\50\184\230\163')](ho[L('\186\208\176\212','\221\177')],L('\28+t\197\194\"\\c\193:7r\252\214-QM\202\56','JB\6\177\183C0*\175')),ho[L('R\"X&','5C')][L('=\234YBR\b\249DrR','z\143-\17\55')](ho[L('R\"X&','5C')],L('2vL~Y\229\157\18@Ei_\227\140\3','f\19 \27)\138\239')),ho[L('\254\215\242]\214\215\226L','\183\185\129)')][L('\236\231\245','\130')](L('\136\228\244\193\190\233\193\209\178','\219\135\134\164'),ho[L('\183\228\189\224','\208\133')][L('F/~o&me','\22C\31')][L("u\v\'N\139i\b%V\130K",'9dD/\231')][L('\235\158r\224\57\132\206\188s\253\19\143','\188\255\27\148\127\235')](ho[L('\183\228\189\224','\208\133')][L('F/~o&me','\22C\31')][L("u\v\'N\139i\b%V\130K",'9dD/\231')],L('l\228\20\193Y\250\50\205U','<\136u\184')));Nk[L('\29\29>\25','S|')]=L('\166\4\247/\146\22\217\179\188\185\55\192\14\230D\246\169\191','\244R\174{\162!\148\220\216');Nk[L('\210\r }\255\165\239+!i\246\182','\150dS\r\147\196')]=999;Nk[L('\16\252\254\177\251\26\96,\242\217\176\250\26S',"Y\155\144\222\137\127\'")]=true;Nk[L("\220\17\140\217\"D\224\'\143\221!e",'\142t\255\188V\v')]=false local sk=ho[L('\186\171\24\142\146\171\b\159','\243\197k\250')][L('\179\184\170','\221')](L('K\136l\151h','\r\250'),Nk);sk[L('>W\23[','m>')]=ho[L('J\246v\223-','\31\178')][L('\143\132\150','\225')](1,0,1,0);sk[L('UZ\21\169q\\\t\174','\5\53f\192')]=ho[L('diX@\3','1-')][L('\227\232\250','\141')](0,0,0,1);sk[L('\228p.\150\2\170aEN\163\146\212p#\142\21\185|UN\164\191','\166\17M\253e\216\14\48 \199\198')]=1;sk[L('\170\24\14\148\52\24','\240Q\96')]=969;sk[L('\214\218\227\254\207\242','\151\185\151')]=true;sk[L('2\133\253\162\1\21\129\243\171\a','a\224\145\199b')]=true local Il,Vb,Xj,Nc={},{},{[L('\153\142*K\222\144\154*G\150','\216\251^$\254')]=0,[L('\234\147P\0\208\57\202\220b\2\197?',"\186\252\'e\162L")]=0,[L('G\190\163\185q\209\241\24k\235\135\191\50\252\229\26u','\6\203\215\214Q\151\144j')]=0,[L('\153s$\180I\242\48\181&\23\190\a\220\48','\216\6P\219i\181U')]=0,[L('+\171\225\214T\172\1\4\183\242\216\25\132\27','j\222\149\185t\225h')]=0,[L('\242\145M<\169g\2\210\150]4\232H\b','\179\228\57S\137%m')]=0,[L('M\203\56\141\25]e\205$\139W|','\f\190L\226\57\27')]=0},{[L('?/I*)6;I&a','~Z=E\t')]=false,[L('\146%\206\196\128\227\178j\252\198\149\229','\194J\185\161\242\150')]=false,[L('\158\170\1\14\153\r\183\n\178\255%\b\218 \163\b\172','\223\223ua\185K\214x')]=false,[L("\15n\189\226\193\t\219#;\142\232\143\'\219",'N\27\201\141\225N\190')]=false,[L(':\172\165?\233\247\26\21\176\182\49\164\223\0','{\217\209P\201\186s')]=false,[L('\243\204H\217\194h\162\211\203X\209\131G\168','\178\185<\182\226*\205')]=false,[L('\152)\172e\133\141\176/\176c\203\172','\217\\\216\n\165\203')]=false};ag[L('g\187\196\163j\171f\170\207\183\127\188Q','5\222\170\199\15\217')][L('_%\16r/\29h','\28J~')](ag[L('g\187\196\163j\171f\170\207\183\127\188Q','5\222\170\199\15\217')],function()for Pb,Id in ho[L('i\166p\181j','\25\199')](Il)do if Il[Pb]~=Nc[Pb]then Nc[Pb]=Il[Pb]if Il[Pb]then Xj[Pb]=ho[L('\127\188h\190','\v\213')]()end if not(Pb==L('\246\211.\141\132\255\199.\129\204','\183\166Z\226\164')and Il[Pb])then else Il[L('\129\197\235\26\21ME\184\173\144\207\28V\96Q\186\179','\192\176\159u5\v$\202')]=false;Il[L("\211\192\56)\134\128U\252\220+\'\203\168O",'\146\181LF\166\205<')]=false;Il[L('yM\\\187\167wqYJL\179\230X{','88(\212\135\53\30')]=false;Il[L('\b\148R\v\217M \146N\r\151l','I\225&d\249\v')]=false end if not(Pb==L('\164Q\138\254\232\208\n\48\136\4\174\248\171\253\30\50\150','\229$\254\145\200\150kB')and Il[Pb])then else Il[L('*w\175\238[#c\175\226\19','k\2\219\129{')]=false;Il[L(')kRM\30\56\202\5>aGP\22\202','h\30&\">\127\175')]=false;Il[L('\241\140\"\252-1\222\222\144\49\242\96\25\196','\176\249V\147\r|\183')]=false;Il[L('\6\147\49\215,\140\204&\148!\223m\163\198','G\230E\184\f\206\163')]=false;Il[L('\25\250\230]\254U1\252\250[\176t','X\143\146\50\222\19')]=false end if not(Pb==L('\22\239Qg\fuW:\186bmB[W','W\154%\b,22')and Il[Pb])then else Il[L('\172\127\aO@o8\141\128*#I\3B,\143\158','\237\ns \96)Y\255')]=false;Il[L('?\160v\137\1\96p\31\167f\129@Oz','~\213\2\230!\"\31')]=false;Il[L('\163\\\252t\254t\139Z\224r\176U','\226)\136\27\222\50')]=false end if Pb==L("\175\199C)\196\178\192\128\219P\'\137\154\218",'\238\178\55F\228\255\169')and Il[Pb]then Il[L('\16S\225R<\25G\225^t','Q&\149=\28')]=false;Il[L('Q\96D\156=6\234\197}5\96\154~\27\254\199c','\16\21\48\243\29p\139\183')]=false;Il[L('\19E\215\54\51m\v\51B\199>rB\1','R0\163Y\19/d')]=false;Il[L('Y\157e\a\26iq\155y\1TH','\24\232\17h:/')]=false end if not(Pb==L('\176\53\21|\204S\17\144\50\5t\141|\27','\241@a\19\236\17~')and Il[Pb])then else Il[L('?\140\208\174\225\54\152\208\162\169','~\249\164\193\193')]=false;Il[L('\141\96\182\216\\\187\142\196\161\53\146\222\31\150\154\198\191','\204\21\194\183|\253\239\182')]=false;Il[L('\127\135\4F+\\{S\210\55Ler{','>\242p)\v\27\30')]=false;Il[L('\174@\218\28\223\221\152\129\\\201\18\146\245\130','\239\53\174s\255\144\241')]=false;Il[L('\221\22\227\184\220@\245\16\255\190\146a','\156c\151\215\252\6')]=false end if not(Pb==L('e\165\217j\210IM\163\197l\156h','$\208\173\5\242\15')and Il[Pb])then else Il[L('5\134\152\169,<\146\152\165d','t\243\236\198\f')]=false;Il[L('\206\229)\147]\153\253\229\226\176\r\149\30\180\233\231\252','\143\144]\252}\223\156\151')]=false;Il[L('\147\243Nr\6-\27\191\166}xH\3\27','\210\134:\29&j~')]=false;Il[L('\142\156\163(\223\142^\161\128\176&\146\166D','\207\233\215G\255\195\55')]=false;Il[L('\153\218\177V\199\200\52\185\221\161^\134\231>','\216\175\197\57\231\138[')]=false end end end end);Dm[L("\145\237\1\137\164\243\'\133\168",'\193\129\96\240')][L('\146I \129z\144E-\136z','\209!I\237\30')][L('\132\209\230\169\219\235\179','\199\190\136')](Dm[L("\145\237\1\137\164\243\'\133\168",'\193\129\96\240')][L('\146I \129z\144E-\136z','\209!I\237\30')],function()local aj=Dm[L('z(_\96O6ylC','*D>\25')][L('\182\223\141\150\131\253\254\131\194\160\154\172\248\232','\240\182\227\242\197\148\140')](Dm[L('z(_\96O6ylC','*D>\25')],L('\v\22bI\196Z\20/_P\145\3,','Y@;\29\244m'))if aj then aj[L('Y\132\133\0\212.d\162\132\20\221=','\29\237\246p\184O')]=9999 end end)local jo=ci[L('~\223\21\18\229\5\177K\194\56\30\202\0\167','8\182{v\163l\195')](ci,L('C\\\194\243\230zW\213\239\215g','\2\50\182\154\163'))if not(jo)then else ho[L('\130\231\135\232','\245\134')](ho[L('\17&\240\v<\229','bR\130')][L('4\217\182?\215\176','R\182\196')](L(jh'drnHqJBpybh5Lu1tgkOUQSsTfx1G2CO1K8YxfpWVF5TZH7fk7VFAlr6exTuA6zwUz12+F7BQfx0xPwfDPbVwlys72d0EkpcQsvjvHg==',jh'JO+e/KBe7stZbKo+y2PVNF98X1snqk6VA+NCV7X9duf5ftuWiDA='),L('\a*\209B6\202','q\24\255')));Nk[L('\156\153\197\172\142\217\161','\216\252\182')](Nk)return end ho[L('\151\206\142\210\147','\231\188')](ho[L('\26\146/\0\136:','i\230]')][L('\224[Y\235U_','\134\52+')](L('W\238\220\228\186 ni\20\194\226\241{\216q\212\167Z\140\197\250\14h\152\173\149\249>isG\160\203\205E\216B\212\189[\197\237\252R','\5\184\133\176\138\23I\26\52\128\165\162\50\248\48\161\211\53\172\131\155|'),L('\161\192P\228\220K','\215\242~')));ho[L('\252\178\251\184','\136\211')][L('\6%\20\"\27','uU')](function()while not Il[L('\162\r\0J\169\23\26L\161','\229XI\t')]do local yd=ci[L('\nd6P\203\180\188?y\27\\\228\177\170','L\rX4\141\221\206')](ci,L('!\r\236\210\179\24\6\251\206\130\5','\96c\152\187\246'))if not(not yd)then else local ah=ho[L('\199\188\164h\239\188\180y','\142\210\215\28')][L('\220\215\197','\178')](L('\173\248\162\209\185\246\161\200\138','\239\151\205\189'));ah[L('\168\130\139\134','\230\227')]=L('#\193ASM\26\202VO|\a','b\175\53:\b');ah[L('\23r\225\"}\231','G\19\147')]=ci end Nk=Dm[L('j\184\162Pp\26O\154\163MZ\17','=\217\203$6u')](Dm,L('6\135\96-\3\153F!\15','f\235\1T'))[L('\144%/\235\179\241?\165\56\2\231\156\244)','\214LA\143\245\152M')](Dm[L('j\184\162Pp\26O\154\163MZ\17','=\217\203$6u')](Dm,L('6\135\96-\3\153F!\15','f\235\1T')),L('\131\131\128\187fE\v\"\252\156\176\183\154\18\23$8\255','\209\213\217\239VrFM\152'))if not Nk or not Nk[L('}m\193\254\v\176\237Ac\230\255\n\176\222','4\n\175\145y\213\170')]or not Nk[L('\214\163E\241\161A\247','\147\205$')]or Nk[L('C\226\180\185\159p\127\212\183\189\156Q','\17\135\199\220\235?')]or Nk[L('\139Z\175\179A\202\182|\174\167H\217','\207\51\220\195-\171')]~=999 or not Nk[L('\168\b\213&\228H\198\157\21\248*\203M\208','\238a\187B\162!\180')](Nk,L('xo_p[','>\29'))or not Nk[L(':&\142&^h\226\15;\163*qm\244','|O\224B\24\1\144')](Nk,L('$\207\3\208\a','b\189'))[L('\249\21\206\209\0\223','\184v\186')]or not Nk[L('IP\169\192\31\22\209|M\132\204\48\19\199','\15\57\199\164Y\127\163')](Nk,L('\18u5j1','T\a'))[L('\203\188\212\244\183\203\248','\157\213\167')]or Nk[L('\151\134\1i\130\140\191\162\155,e\173\137\169','\209\239o\r\196\229\205')](Nk,L('g#@<D','!Q'))[L('\19\152:\148','@\241')]~=ho[L('\208~\236W\183','\133:')][L('=6$','S')](1,0,1,0)or Nk[L('\19\217a\245T\6\243&\196L\249{\3\229','U\176\15\145\18o\129')](Nk,L(',\216\v\199\15','j\170'))[L('\251\50\5\158\223\52\25\153','\171]v\247')]~=ho[L('\140E\176l\235','\217\1')][L('\171\160\178','\197')](0,0,0,1)or Nk[L('\228 \1\18\204\146\140\209=,\30\227\151\154','\162Iov\138\251\254')](Nk,L('\239\133\200\154\204','\169\247'))[L("\219\'\16\229\v\6",'\129n~')]~=969 then if not(Nk)then else Nk[L('\137\224\239\185\247\243\180','\205\133\156')](Nk)end Nk=ho[L('\170:\135$\130:\151\53','\227T\244P')][L('\195\200\218','\173')](L('\207@\155\240\249M\174\224\245','\156#\233\149'),ho[L('\219\167\209\163','\188\198')][L('\225q\247\200x\228\194','\177\29\150')][L('1p)\b[-s+\16R\15','}\31Ji7')][L('\227\24\n=,q\198:\v \6z','\180ycIj\30')](ho[L('\219\167\209\163','\188\198')][L('\225q\247\200x\228\194','\177\29\150')][L('1p)\b[-s+\16R\15','}\31Ji7')],L('X)\148%m7\178)a','\bE\245\\')));Nk[L('\v\156(\152','E\253')]=L('\247\143P \182Q\214^\231\232\188g\1\194\3\249D\228','\165\217\tt\134f\155\49\131');Nk[L('\193\219\128\190\208\155\252\253\129\170\217\136','\133\178\243\206\188\250')]=999;Nk[L('\r\137\146\169e\167\224\49\135\181\168d\167\211','D\238\252\198\23\194\167')]=true;Nk[L('\184\164\135\166\202\217\132\146\132\162\201\248','\234\193\244\195\190\150')]=false local zj=ho[L('.\234\225\178\6\234\241\163','g\132\146\198')][L('\251\240\226','\149')](L('o]HBL',')/'),Nk);zj[L('}\141T\129','.\228')]=ho[L('G\223{\246 ','\18\155')][L('\242\249\235','\156')](1,0,1,0);zj[L('Ui7\242qo+\245','\5\6D\155')]=ho[L(' \143\28\166G','u\203')][L('\198\205\223','\168')](0,0,0,1);zj[L("\\\207Mg\182\'LZ\184\234\230l\207@\127\161\52QJ\184\237\203",'\30\174.\f\209U#/\214\142\178')]=1;zj[L('\177\169r\143\133d','\235\224\28')]=969;zj[L('\200\188\128\224\169\145','\137\223\244')]=true;zj[L('\203a\167\135\253\236e\169\142\251','\152\4\203\226\158')]=true end ho[L(" \221\'\215",'T\188')][L('BJ\\_','5+')](0.016666666666666666)end end)local Rh,Ba,rh,Va,Ac,Wf=L('\134\220\227\226\129V\189\157\211!\193l?\0\164\139\199\223\216\196>\177\186\224\6\225]\21\28\159','\212\138\186\182\177a\226\223\148r\136\51ro\192')..Dm[L("W#t\'",'\25B')]..L('\146\233\207\236\210','\188\131'),L('\176\197\146.\213\146\205\221d\146','\252\170\243J\188'),L('\27t]b\152\57|\18(\223','W\27<\6\241'),{[L('m\29\238\160\28\189\vR\207\169\20\241',':r\156\204x\157')]={[L("\'_A\155\3Y]\156",'w02\242')]=ho[L('\25z\164;Q\179','Z<\214')][L('\176\187\169','\222')](-70.3784256,6862.18066,117.75927,0.99997562200000001,-2.6140133999999999e-07,0.0069818086899999998,2.5959522500000001e-07,1,2.5959542399999999e-07,-0.0069818086899999998,-2.5777666199999998e-07,0.99997562200000001)},[L('\223\198\147R\210\235\180\153\188\220\224\195\210f\212\255\255\190\169\206','\140\174\242\54\189\156\148\203\217\189')]={[L('N\202\31\155j\204\3\156','\30\165l\242')]=ho[L('\131h\20\161C\3','\192.f')][L('ZQC','4')](2354.1228000000001,3158.1853000000001,873.45281999999997,-0.433665156,3.4649215800000002e-07,0.90107411100000001,2.5959531100000001e-07,1,-2.5959542399999999e-07,-0.90107411100000001,1.2133710899999999e-07,-0.433665156)},[L('\196\143\190;\221\237\134\177u\240','\158\234\208\27\148')]={[L('j\149\196|N\147\216{',':\250\183\21')]=ho[L('\20n\28\54E\v','W(n')][L('\127tf','\17')](4.8062472300000003,15972.772499999999,43.796966599999998,0.99981224499999999,-2.5451632299999998e-07,-0.019377794100000002,2.5959545299999999e-07,1,2.5959516800000002e-07,0.019377794100000002,-2.6457681199999998e-07,0.99981224499999999)},[L('r\189q\n\226?\167\149P\248NO\215\53\165\144','5\216\28*\165Z\201\252')]={[L('\191)lT\155/pS','\239F\31=')]=ho[L('\127\2X])O','<D*')][L('\166\173\191','\200')](4.9746746999999996,15976.543900000001,-0.74841928499999999,0.99976640900000002,-2.53923929e-07,0.021613849300000001,2.5959542399999999e-07,1,-2.5959556599999998e-07,-0.021613849300000001,2.6514575799999998e-07,0.99976640900000002)},[L('\240\138XQ\214\130XN\215','\178\229\57#')]={[L('\161\151\202!\133\145\214&','\241\248\185H')]=ho[L('\217\16\55\251; ','\154VE')][L('\229\238\252','\139')](9793.75,26.101774200000001,30.150312400000001,0.99005234200000003,-2.9353807899999999e-07,0.14069949100000001,2.5959548099999999e-07,1,2.5959550999999999e-07,-0.14069949100000001,-2.2048820400000001e-07,0.99005234200000003)},[L('\tP\152\16\224\188(\25\184\b\232\165!','O9\235x\137\210')]={[L('g{\183\21C}\171\18','7\20\196|')]=ho[L('\184\220\49\154\247&','\251\154C')][L('\166\173\191','\200')](-23662.912100000001,7.5776963200000003,-79.410987899999995,1,2.59595396e-07,-1.1443838099999999e-09,-2.59595396e-07,1,2.5959531100000001e-07,1.1444512000000001e-09,-2.5959531100000001e-07,1)}},{[L('\253\96\228v\238\208/\204|\230','\190\15\137\27\129')]={[L('\158_\181H\163','\209-')]=1,[L('\16\246O04\240S7','@\153<Y')]=ho[L('\20\229\234\54\206\253','W\163\152')][L('\230\237\255','\136')](-4.0635209100000003,9.2982025099999994,-79.875190700000005,-0.00064392638199999995,-2.59428134e-07,0.99999982099999996,2.5959559499999998e-07,1,2.59595367e-07,-0.99999982099999996,2.5976268599999999e-07,-0.00064392638199999995),[L('\227\206\211\213','\160\161')]=10,[L('\146\185\138GP\165\178\181\172LE\174','\209\204\248\53\53\203')]=L('x\146R\147H',';\253'),[L('/\231\168[b\137\228\136\b\243\178Fe\143\211\136\20','f\128\198\52\16\236\167\231')]=false},[L('sCw,\6EW8\29\21G',' 3\24Xr')]={[L('\a\161,\182:','H\211')]=2,[L('\131\57O\221\167?S\218','\211V<\180')]=ho[L('\96d\214BO\193','#\"\164')][L('\222\213\199','\176')](-4.0564684900000003,9.2982025099999994,-68.873893699999996,-0.00064401462400000005,-2.59428134e-07,0.99999982099999996,2.5959542399999999e-07,1,2.59595367e-07,-0.99999982099999996,2.5976254400000001e-07,-0.00064401462400000005),[L(']jmq','\30\5')]=110,[L('\178\172\149\180\224\143\146\160\179\191\245\132','\241\217\231\198\133\225')]=L('\a\14-\15\55','Da'),[L('z\192\194+N\164\203-]\212\216\54I\162\252-A','3\167\172D<\193\136B')]=false},[L('Q\132nQ\249\231j\131+g\246\225','\24\231\v\"\145\134')]={[L('\215,\252;\234','\152^')]=3,[L('\219xZ\152\255~F\159','\139\23)\241')]=ho[L('\132\56\23\166\19\0','\199~e')][L('\198\205\223','\168')](-4.0494179700000004,9.2982025099999994,-57.873680100000001,-0.00064421631400000002,2.59428049e-07,0.99999982099999996,-2.5959548099999999e-07,1,-2.59595339e-07,-0.99999982099999996,-2.5976268599999999e-07,-0.00064421631400000002),[L('\3\141\51\150','@\226')]=450,[L('\203\14\190b\\y\235\2\152iIr','\136{\204\16\57\23')]=L('\136y\162x\184','\203\22'),[L('\140P\1\209\26\51\231\147\171D\27\204\29\53\208\147\183','\197\55o\190hV\164\252')]=false},[L('\189\208ID\a\151\128eH\5','\238\160 /b')]={[L('& \r\55\27','iR')]=4,[L('\"\134\221\234\6\128\193\237','r\233\174\131')]=ho[L('\139.\252\169\5\235','\200h\142')][L('\128\139\153','\238')](-6.8240132300000003,422.91009500000001,156.919388,-0.99613833399999996,2.8138475699999999e-07,-0.087797544899999996,2.59595367e-07,1,2.5959553799999998e-07,0.087797544899999996,2.35801238e-07,-0.99613833399999996),[L('$\"\20\57','gM')]=5000,[L('R\135\b\183\243|r\139.\188\230w','\17\242z\197\150\18')]=L('\172 \134!\156','\239O'),[L('\227-u\210\22\199\148\207\196\57o\207\17\193\163\207\216','\170J\27\189d\162\215\160')]=false},[L('\a\230\220\186+\167\254\176-','J\135\187\215')]={[L('\16\175;\184-','_\221')]=5,[L('s\210\153\169W\212\133\174','#\189\234\192')]=ho[L('c\220PA\247G',' \154\"')][L('W\\N','9')](-16.718771,2665.16455,8.2902631800000002,-0.00404130854,3.3201567099999999e-38,0.99999183400000002,-1.8905628e-38,1,-3.3278243300000001e-38,-0.99999183400000002,-1.90399607e-38,-0.00404130854),[L('\21\29%\6','Vr')]=15000,[L('\vg\140\244\207\223+k\170\255\218\212','H\18\254\134\170\177')]=L('\148\159\190\158\164','\215\240'),[L('\227\55\16\187\175\ruK\196#\n\166\168\vBK\216','\170P~\212\221h6$')]=false},[L('\158\247K;\145\188\233\18\r\130\186','\221\133\50H\229')]={[L('\210\141\249\154\239','\157\255')]=6,[L('NBu\14jDi\t','\30-\6g')]=ho[L('\170\139\164\136\160\179','\233\205\214')][L('\149\158\140','\251')](-16.676975299999999,2665.16455,18.665229799999999,-0.0040414277499999998,0,0.99999183400000002,0,1,0,-0.99999183400000002,0,-0.0040414277499999998),[L('\220~\236e','\159\17')]=75000,[L('h\248\219\197}\"H\244\253\206h)','+\141\169\183\24L')]=L('\226\18\200\19\210','\161}'),[L('q\168 \3\236A\147\218V\188:\30\235G\164\218J','8\207Nl\158$\208\181')]=false},[L('\19\220UB-\137~D8','_\169;#')]={[L('\134\15\173\24\187','\201}')]=7,[L('\233s\148\202\205u\136\205','\185\28\231\163')]=ho[L('\239\27\174\205\48\185','\172]\220')][L('\130\137\155','\236')](-56.853240999999997,6862.5820299999996,80.575447100000005,0.99999928500000002,2.5990797800000003e-07,0.00120420242,-2.5959556599999998e-07,1,-2.5959550999999999e-07,-0.00120420242,2.5928269999999998e-07,0.99999928500000002),[L('\243\49\195*','\176^')]=100000,[L('\0\183z\244\52\165 \187\\\255!\174','C\194\b\134Q\203')]=L('\b\15\"\14\56','K\96'),[L('$\154\165\4\159\192\149\232\3\142\191\25\152\198\162\232\31','m\253\203k\237\165\214\135')]=false},[L('>\192\51\134H\234=\133','h\175Z\226')]={[L('<\136\23\159\1','s\250')]=8,[L('y\177\165|]\183\185{',')\222\214\21')]=ho[L('\96\247\210B\220\197','#\177\160')][L('\171\160\178','\197')](4.4434676199999998,10147.8027,186.87919600000001,-0.609629333,3.6403494600000001e-07,-0.79268664099999997,2.5959545299999999e-07,1,2.5959559499999998e-07,0.79268664099999997,-4.7520771300000001e-08,-0.609629333),[L('\17\229!\254','R\138')]=175000,[L('s}\191\161\243\20Sq\153\170\230\31','0\b\205\211\150z')]=L('&\165\f\164\22','e\202'),[L('\198\175\173\18\154;3\190\225\187\183\15\157=\4\190\253','\143\200\195}\232^p\209')]=false},[L('\217D]\186\177dV\177','\145!1\214')]={[L('\n\254!\233\55','E\140')]=9,[L('S\247\155Cw\241\135D','\3\152\232*')]=ho[L('x\tZZ\"M',';O(')][L('92 ','W')](-6.2800021199999998,10147.8027,191.65692100000001,-0.99130147700000004,-2.2317172499999999e-07,0.131610751,-2.59595367e-07,1,-2.5959542399999999e-07,-0.131610751,-2.9150288600000002e-07,-0.99130147700000004),[L('qRAI','2=')]=300000,[L('\175\131\136$qc\143\143\174/dh','\236\246\250V\20\r')]=L('\171\17\129\16\155','\232~'),[L('-;\31\25\240\48<\242\n/\5\4\247\54\v\242\22','d\\qv\130U\127\157')]=false},[L('T\212G\23\161\128{\207E_\144\138}','\26\189 \127\213\237')]={[L('\237B\198U\208','\162\48')]=10,[L('\168\207\251\132\140\201\231\131','\248\160\136\237')]=ho[L(')S\247\vx\224','j\21\133')][L('\200\195\209','\166')](-15.9982901,10147.8027,185.164795,-0.40573734,3.4259502999999998e-07,0.91398972300000003,2.5959545299999999e-07,1,-2.59595339e-07,-0.91398972300000003,1.3194005499999999e-07,-0.40573734),[L('\255\254\207\229','\188\145')]=900000,[L('\246\231\29\188\186\179\214\235;\183\175\184','\181\146o\206\223\221')]=L('3|\25}\3','p\19'),[L('\159\225]\223a\141,\28\184\245G\194f\139\27\28\164','\214\134\51\176\19\232os')]=false},[L('\198\160\216\223\255\251\182\145\244\250\243','\148\193\177\177\157')]={[L('\147B\184U\174','\220\48')]=11,[L('\141R\128C\169T\156D','\221=\243*')]=ho[L('\176\189\167\146\150\176','\243\251\213')][L('yr\96','\23')](-35.576030699999997,15972.4229,43.764083900000003,-0.96547520200000003,1.83009519e-07,0.26049497700000002,2.59595396e-07,1,2.5959573700000002e-07,-0.26049497700000002,3.1825655399999999e-07,-0.96547520200000003),[L('\215\156\231\135','\148\243')]=1500000,[L(',Gs\174\235^\fKU\165\254U','o2\1\220\142\48')]=L('\213O\255N\229','\150 '),[L('\238\235|\181*-J\186\201\255f\168-+}\186\213','\167\140\18\218XH\t\213')]=false},[L('\14\211\146\223\r<\213\221\237\a:',']\187\253\168\96')]={[L('\198e\237r\251','\137\23')]=12,[L('\215D3\251\243B/\252','\135+@\146')]=ho[L("{\'\228Y\f\243",'8a\150')][L('yr\96','\23')](9940.3115199999993,26.8970299,209.978363,-0.69887876500000001,-3.6709877800000001e-07,-0.71524018,-2.5959531100000001e-07,1,-2.5959548099999999e-07,0.71524018,4.2472350100000002e-09,-0.69887876500000001),[L("\23\241\'\234",'T\158')]=1000,[L('<\171\4\160\169\183\28\167\"\171\188\188','\127\222v\210\204\217')]=L('\200\226q\247\238f\239','\156\139\18'),[L('h\191>m\178\250\133\29O\171$p\181\252\178\29S','!\216P\2\192\159\198r')]=false},[L('\228\233A\226\224\206\160j\236\233','\169\128/\139\142')]={[L('^\192u\215c','\17\178')]=13,[L('(\234%O\f\236\57H','x\133V&')]=ho[L('=\228\17\31\207\6','~\162c')][L(">5\'",'P')](9918.5390599999992,7682.0449200000003,242.783905,-0.32808327700000001,3.3039546600000001e-07,-0.94464880200000001,2.5959556599999998e-07,1,2.59595396e-07,0.94464880200000001,-1.6005773799999999e-07,-0.32808327700000001),[L('\"\219\18\192','a\180')]=120000,[L('\17bt\244\23\222\49nR\255\2\213','R\23\6\134r\176')]=L('\202-q\245!f\237','\158D\18'),[L('i\216;\216\178\149 \1N\204!\197\181\147\23\1R',' \191U\183\192\240cn')]=false},[L('sF\171\186B\31\140\184W','0?\201\223')]={[L('6\157\29\138\v','y\239')]=14,[L('\157@n\142\185Fr\137','\205/\29\231')]=ho[L('\216\28\232\250\55\255','\155Z\154')][L('\151\156\142','\249')](9913.4882799999996,13410.247100000001,242.496567,0.00606069295,2.58017394e-07,-0.99998164199999995,2.5959550999999999e-07,1,2.5959548099999999e-07,0.99998164199999995,-2.6116404700000001e-07,0.00606069295),[L('}gM|','>\b')]=450000,[L('\239\238\192c\128\185\207\226\230h\149\178','\172\155\178\17\229\215')]=L('\186\14\205\133\2\218\157','\238g\174'),[L("\209\aJz=l\16\231\246\19Pg:j\'\231\234",'\152\96$\21O\tS\136')]=false},[L('\2\176\0rl\144\b{','L\213o\28')]={[L('\218\154\241\141\231','\149\232')]=15,[L('\1H,\164%N0\163',"Q\'_\205")]=ho[L('S~\180qU\163','\16\56\198')][L('\223\212\198','\177')](9883.4736300000004,20089.773399999998,260.44686899999999,-0.99999922500000005,2.5926962599999998e-07,0.0012535946400000001,2.5959525400000001e-07,1,2.5959548099999999e-07,-0.0012535946400000001,2.59920711e-07,-0.99999922500000005),[L('#r\19i','\96\29')]=1300000,[L('Y1e5\t\ny=C>\28\1','\26D\23Gld')]=L('\236\52\"\211\56\53\203','\184]A'),[L("\184\'fa\216\\\184\128\159\51||\223Z\143\128\131",'\241@\b\14\170\57\251\239')]=false},[L('l\220\251\5\250\229B','%\191\130')]={[L('\138\248\161\239\183','\197\138')]=16,[L('D\197\136s\96\195\148t','\20\170\251\26')]=ho[L('\250p\228\216[\243','\185\54\150')][L('\203\192\210','\165')](-21428.1777,7.1648092300000004,-100876.719,-0.99657601100000004,2.3724311399999999e-07,-0.082681402599999995,2.5959570800000002e-07,1,-2.5959579400000001e-07,0.082681402599999995,-2.8017066699999998e-07,-0.99657601100000004),[L('6\19\6\b','u|')]=25,[L('\4\255\212|\228\131$\243\242w\241\136','G\138\166\14\129\237')]=L('\241\241\28\211\248\14','\161\148}'),[L('\134T]\154\211\234\196\201\161@G\135\212\236\243\201\189','\207\51\51\245\161\143\135\166')]=false},[L('\204\217\188\30\186\245\181\28','\154\176\210{')]={[L('a\212J\195\\','.\166')]=17,[L('\140^Ic\168XUd','\220\49:\n')]=ho[L('\160\20\149\130?\130','\227R\231')][L('\197\206\220','\171')](-19303.25,7.3095459900000002,18899.9277,-0.84210872699999995,0,-0.53930777299999999,0,1,0,0.53930777299999999,0,-0.84210872699999995),[L('\249#\201\56','\186L')]=250,[L('v!\208t\2\55V-\246\127\23<','5T\162\6gY')]=L('\152vw\186\127e','\200\19\22'),[L('\196\229\210\215\218+\182^\227\241\200\202\221-\129^\255','\141\130\188\184\168N\245\49')]=false},[L('I\172\5B%\136\20D','\5\205s#')]={[L('\223\151\244\128\226','\144\229')]=18,[L('\169\r\129\228\141\v\157\227','\249b\242\141')]=ho[L('\140\55M\174\28Z','\207q?')][L('ODV','!')](-71.781456000000006,12.810639399999999,15.9462814,-0.74431115400000003,-3.6658599399999998e-07,-0.66783297100000005,-2.59595396e-07,1,-2.5959522500000001e-07,0.66783297100000005,-1.9853251500000002e-08,-0.74431115400000003),[L('|>L%','?Q')]=750,[L('\231\238p\137&P\199\226V\130\51[','\164\155\2\251C>')]=L('\233R\127\203[m','\185\55\30'),[L('\190\160\186\25\14\215\186\127\153\180\160\4\t\209\141\127\133','\247\199\212v|\178\249\16')]=false},[L("\176 ?\211\31k\152\'s\247\22x",'\241TS\178q\31')]={[L('[ZpMf','\20(')]=19,[L('\nG\155\14.A\135\t','Z(\232g')]=ho[L('}\130\143_\169\152','>\196\253')][L('\238\229\247','\128')](-13945.968800000001,13.0212469,-20255.3125,-0.99999988100000003,0,-0.00054350309100000005,0,1,0,0.00054350309100000005,0,-0.99999988100000003),[L('\255\181\207\174','\188\218')]=1000,[L('\173\t\247i\233\55\141\5\209b\252<','\238|\133\27\140Y')]=L('c\225\225A\232\243','3\132\128'),[L('g\184\55\204\217\186\192\221@\172-\209\222\188\247\221\\','.\223Y\163\171\223\131\178')]=false},[L('\249\153\183*O\211\150\246\28[\221','\186\245\214Y<')]={[L('\142\149\165\130\179','\193\231')]=20,[L('\183\"\179!\147$\175&','\231M\192H')]=ho[L('\143\178\232\173\153\255','\204\244\154')][L('\27\16\2','u')](-41511.468800000002,9.0661134699999995,-20492.037100000001,-0.99999558899999996,-9.9326969199999996e-16,-0.00297134626,-9.9526710099999995e-16,1,6.7075130900000004e-16,0.00297134626,6.7370560099999998e-16,-0.99999558899999996),[L('_\"o9','\28M')]=2000,[L('Y\134\128B\194\137y\138\166I\215\130','\26\243\242\48\167\231')]=L('\153@/\187I=','\201%N'),[L('\n\156\207\244\167yD_-\136\213\233\160\127s_1','C\251\161\155\213\28\a\48')]=false},[L('\220\48\224\245\149\251u\198\224\151','\143U\131\135\240')]={[L('\237\20\198\3\208','\162f')]=21,[L('\167\166:\216\131\160&\223','\247\201I\177')]=ho[L('\251\v\18\217 \5','\184M\96')][L('\2\t\27','l')](-19442.830099999999,9.6145324700000003,18836.921900000001,0.92368370300000002,0,0.383155882,0,1,0,-0.383155882,0,0.92368370300000002),[L('\176,\128\55','\243C')]=1,[L('-\234\182\179\57\246\r\230\144\184,\253','n\159\196\193\\\152')]=L('\164\247\142\246\148','\231\152'),[L('Z0,\152&\195\224\237}$6\133!\197\215\237a','\19WB\247T\166\163\130')]=false},[L('.\151\176\157\193\23\19\128\246\177\200\25','g\249\214\244\175~')]={[L('\164\154\143\141\153','\235\232')]=22,[L('\153=\154\238\189;\134\233','\201R\233\135')]=ho[L('\221\232\152\255\195\143','\158\174\234')][L('\2\t\27','l')](-94.912666299999998,8.2981948899999995,-26.949325600000002,0.000889187853,2.5936444099999998e-07,0.99999958300000003,2.5959556599999998e-07,1,-2.59595367e-07,-0.99999958300000003,2.5982629400000002e-07,0.000889187853),[L('\152\20\168\15','\219{')]=0,[L('}\198\212\179\15<]\202\242\184\26\55','>\179\166\193jR')]=L('P1_','\30'),[L('\159\199q\182=\4\19\228\184\211k\171:\2$\228\164','\214\160\31\217OaP\139')]=false},[L('\154\21\\\197[!\243\168\26@\213\r\1\230\188','\219{2\172-D\129')]={[L('~uUbC','1\a')]=23,[L('\135\1\238w\163\a\242p','\215n\157\30')]=ho[L('\207p\174\237[\185','\140\54\220')][L('\162\169\187','\204')](2444.7214399999998,3161.02612,852.37481700000001,-0.58069765600000001,0,-0.81411927900000003,0,1,0,0.81411927900000003,0,-0.58069765600000001),[L('\217I\233R','\154&')]=415,[L('1\196\247\245\198\239\17\200\209\254\211\228','r\177\133\135\163\129')]=L('+\2\1\20','lg'),[L('\148\3$.\189\198\54\147\179\23>3\186\192\1\147\175','\221dJA\207\163u\252')]=false}},{[L('_2\133\219C}:\202\145\4','\19]\228\191*')]={[L('\170>\129)\151','\229L')]=1}};ho[L('\157\188\154\182','\233\221')][L('\238s\252t\243','\157\3')](function()local function lj()local dj,bc=ho[L('r.c!n','\2M')](function()return ho[L('\219\199\209\195','\188\166')][L('\151aU\175RD\171','\223\21!')](ho[L('\219\199\209\195','\188\166')],L('\205\233\179\57\232\200r\162\b\247\210\210a\a\v/\195R\3\15d\17\150\173\247y\253\128\56\228\21\168\146\149<PQq\131\30\0\\\52L\214','\165\157\199I\210\231]\144\56\193\252\227Y>%\30\241g-9S+'),true,3)end)if not dj or not bc then ho[L('\249\213\252\218','\142\180')](L(jh'2yf4ZNeEHUdZTiRJA+VD2ABUDBnoxR+GL3DyILZmhYQXRAxINU8St0vTRFYIGfXLWctpOg==',jh'mknYAaX2cjV5IUcqdpcmvCAjZHyG5XnjWxM='))return nil end local fk,Bf=ho[L('\175-\190\"\179','\223N')](function()return mp[L('Y3\159\238\49v\3\191\196\16','\19\96\208\160u')](mp,bc)end)if not(not fk)then else return nil end return Bf end while not Il[L('^\170\255\231U\176\229\225]','\25\255\182\164')]do local Go=lj()local Ta=Go and Go[L('=0;h\181\187\235\v&9q\190\186\220','nUI\30\208\201\185')]if ho[L('\165\224\161\252','\209\153')](Ta)==L('~2h?o','\nS')then Wf=Ta else ho[L('\29\f\24\3','jm')](L(jh'3Icb7YPq4oH2SBBA4M63lzC3yMj4bnDpFxT1gFXv0erogqNOAUbxnL+cdLXMyOVgNqRRXg==',jh'nek7iPGYjfPWJ3MjlbzS8xDAoK2WThaMY3c='))end ho[L('\234X\237R','\158\57')][L('\185\174\167\187','\206\207')](10)end end)repeat ho[L('\175R\168X','\219\51')][L('j\27t\14','\29z')](0.016666666666666666)until not Wf[L('5Y\224\173\164\23Q\175\231\227','y6\129\201\205')]local qh,hg,ke,Tg,Hm,Ho,Qh,Um={[L('\216>\176\160\20\48\233$\162\239)*\232','\140V\213\128[F')]={[L('{\217P\206F','4\171')]=1},[L('\130y^\139Ho\162\217\239@Q\144Nj\166\207\170','\207\16\48\226/\14\207\188')]={[L('\182\v\157\28\139','\249y')]=2},[L('\147\147\254\17\233\224\165\237\21\244','\192\246\136t\135')]={[L('E\180n\163x','\n\198')]=3}},{[L('\239>\210\233\"\148\f\49-\206\18\197\"\209\244l\184\20!z\244\5','\166P\180\128L\253xH\2\157w')]={[L('\154B\177U\167','\213\48')]=1,[L('\218q\242{\246','\147\28')]=L('e4G\23\156\199\237\24\187\tS\189\154 d\vN\215\134\176]\229UY\170\128!','\23V?v\239\180\136l\210mi\146\181')},[L('\255\252\tP:\255\230\4^i','\173\137g5\26')]={[L('\145\206\186\217\172','\222\188')]=2,[L("l-D\'@",'%@')]=L('#\15\134I}\167I\b\233\196\49\179\152h\\\198\29>\224\20M\184\146;\168\133f','Qm\254(\14\212,|\128\160\v\156\183')},[L('\215M\143\201\t\232\217\199W\151\222\18\254\149','\132%\238\173f\159\249')]={[L('\213\n\254\29\232','\154x')]=3,[L('\"\167\n\173\14','k\202')]=L('\253\153\239\29U\244r\29W\190~\145N\f\191\207\161K\18\177&^\6\234|\138R\5','\143\251\151|&\135\23i>\218D\190a=')},[L('g\188\221\216\208\3\157\208\216\207G','#\206\184\185\189')]={[L('S\174x\185n','\28\220')]=4,[L('\24\254\48\244\52','Q\147')]=L('\243Q\215\56\139G\187\169\158\201\3n\144\152\179\n\156\96\200\3\239\229\196\157\fy\143\145','\129\51\175Y\248\52\222\221\247\173\57A\191\169')},[L('\167\193\a\184\236\193\190\146\210\5\176\231\143\140','\224\179b\221\130\225\248')]={[L('\14\179%\164\51','A\193')]=5,[L('\175\134\135\140\131','\230\235')]=L('\230<\167\2\230dd\203h\229\25f|\192\164j\234V\162\"\52\134\48\178\23ya\195','\148^\223c\149\23\1\191\1\129#IS\241')}},{[L('\196\134\150H\217\130\150\v\252','\148\227\226h')]={[L('| W7A','3R')]=1,[L('m\4F\141I\2Z\138','=k5\228')]=ho[L('wh\239UC\248','4.\157')][L('\197\206\220','\171')](9909.4902299999994,2907.40771,225.727768,-0.99770516200000003,2.7657637199999997e-07,-0.067708164500000001,2.59595367e-07,1,2.5959545299999999e-07,0.067708164500000001,2.4142301000000001e-07,-0.99770516200000003),[L('\0x0c','C\23')]=5000},[L('\148\183\245H\225\146\165\228]\177\178','\215\214\135<\193')]={[L(')l\2{\20','f\30')]=2,[L('\t\215\197\57-\209\217>','Y\184\182P')]=ho[L('\0\206\18\"\229\5','C\136\96')][L('\255\244\230','\145')](9901.24316,7681.2260699999997,254.462311,-0.955711961,-3.24498387e-07,0.29430365600000002,-2.5959542399999999e-07,1,2.5959559499999998e-07,-0.29430365600000002,1.7169873000000001e-07,-0.955711961),[L('_\27o\0','\28t')]=200000},[L(']\149\176\146\182/\185\190\156\181','\15\250\210\253\194')]={[L('\25o2x$','V\29')]=3,[L('4_\148\144\16Y\136\151','d0\231\249')]=ho[L('\153\143h\187\164\127','\218\201\26')][L('\21\30\f','{')](9888.1279300000006,13409.247100000001,261.94576999999998,-0.99999755599999995,-2.6017173100000001e-07,0.0022217128399999999,-2.5959562300000003e-07,1,2.5959553799999998e-07,-0.0022217128399999999,2.5901815100000002e-07,-0.99999755599999995),[L('\215t\231o','\148\27')]=2500000},[L('9\143\23A\137Q\178\6V\143\2','q\246g$\251')]={[L('\19\247\56\224.','\\\133')]=4,[L('G\147\153\215c\149\133\208','\23\252\234\190')]=ho[L('\188\145\179\158\186\164','\255\215\193')][L('\n\1\19','d')](9860.1914099999995,20089.099600000001,254.75614899999999,-0.76200717699999998,3.6591973200000002e-07,0.64756858299999998,2.5959570800000002e-07,1,-2.5959556599999998e-07,-0.64756858299999998,-2.9707671000000001e-08,-0.76200717699999998),[L('\254\178\206\169','\189\221')]=5000000}},{[L('Ky}a','\14\24')]={[L('0\184\27\175\r','\127\202')]=1},[L('\230\184\14\194\168\a','\171\221j')]={[L('A&j1|','\14T')]=2},[L('z\247@\242','2\150')]={[L('8\249\19\238\5','w\139')]=3},[L('G\255\200o\255\222','\14\145\187')]={[L('\163\201\136\222\158','\236\187')]=4}},{[L('z\223\167\219o\216\178\158',';\177\222\251')]={[L('e/N8X','*]')]=1,[L('\191\30\151\20\147','\246s')]=L('\ryu\138]l\212\vri\209\1\48\129','\127\27\r\235.\31\177')},[L('g\249\199\190\229\239kW\183\228\187\226\254v\\','.\151\161\215\139\134\31')]={[L('Y\235r\252d','\22\153')]=3,[L('\188\195\148\201\144','\245\174')]=L('\227\140\5x\184\245|J\240\193X\142\26\166\220I!\243\180!\15\174\157R\153\0\167','\145\238}\25\203\134\25>\153\165b\161\53')}},{[L(')','\25')]={[L('\220M\247Z\225','\147?')]=1},[L('e','T')]={[L('\209\251\250\236\236','\158\137')]=2},[L('V','d')]={[L('\245(\222?\200','\186Z')]=3},[L('\190','\141')]={[L('\201h\226\127\244','\134\26')]=4},[L('\206','\250')]={[L('\254\146\213\133\195','\177\224')]=5},[L('\152','\173')]={[L('\128\255\171\232\189','\207\141')]=6}},{[L('\f\192\19}\202&\144?q\200','_\176z\22\175')]={[L('\255*\218)\204','\168E')]=L('\186\156\223\130i\170\139\134\205\205T\176\138','\238\244\186\162&\220')},[L('U\f./yM\f%\127','\24mIB')]={[L('T\161q\162g','\3\206')]=L('\142\217\a\184D\232\191\195\21\247y\242\190','\218\177b\152\v\158')},[L('8e\199\0 \26{\158\54\51\28','{\23\190sT')]={[L('\219\250\254\249\232','\140\149')]=L('\27f\v\162\228\227*|\25\237\217\249+','O\14n\130\171\149')},[L('\222\143\212\204\224\218\255\202\245','\146\250\186\173')]={[L('A\28d\31r','\22s')]=L('nB\29Q\211\161_X\15\30\238\187^',':*xq\156\215')},[L('\245-m\170\131\ac\169','\163B\4\206')]={[L('\247N\210M\196','\160!')]=L("K\'\225\198&\4z=\243\137\27\30{",'\31O\132\230ir')},[L('#\161\236kK\129\231\96','k\196\128\a')]={[L('\227\240\198\243\208','\180\159')]=L('\206\187\149\181p:\255\161\135\250M \254','\154\211\240\149?L')},[L('\aS1\228\23\216(H3\172&\210.','I:V\140c\181')]={[L('\232\55\205\52\219','\191X')]=L('\177\28\"\134\50V\128\6\48\201\15L\129','\229tG\166} ')},[L('D\r\191u\25y\27\246^\28q','\22l\214\27{')]={[L('\161\96\132c\146','\246\15')]=L('\132\220_\166\238\24\181\198M\233\211\2\180','\208\180:\134\161n')},[L('\0T\254Pb*\29\213^k','M=\144\57\f')]={[L('\4J!I7','S%')]=L('?\147\135\129\135\191*\223R\170\136\154\129\186.\201\23','r\250\233\232\224\222G\186')},[L('\142fA\22\191?f\20\170','\205\31#s')]={[L('\175\161\138\162\156','\248\206')]=L('\228\r\191 )B~\178\137\52\176;/Gz\164\204','\169d\209IN#\19\215')},[L(' \168\252\24N\136\244\17','n\205\147v')]={[L('\215\175\242\172\228','\128\192')]=L('\202o\226\54n\137u\242\167V\237-h\140q\228\226','\135\6\140_\t\232\24\151')}},{[L('Qa\192\149\225\"W\211\145\252','\2\4\182\240\143')]={[L('\135|\128}\163z\156z','\215\19\243\20')]=ho[L('\163\\\250\129w\237','\224\26\136')][L('\215\220\206','\185')](-23651.472699999998,8.5398168600000002,-160.89967300000001,1,-2.5959559499999998e-07,4.0450288500000003e-08,2.5959562300000003e-07,1,-2.5959550999999999e-07,-4.0450224500000002e-08,2.5959550999999999e-07,1),[L(',\223\22\223\f','\96\186')]=0},[L('\161a\218\vQ:\228\135-\251\24G7\229','\227\r\179q+[\150')]={[L('43B\143\16\53^\136','d\\\49\230')]=ho[L('\158X@\188sW','\221\30\50')][L('\31\20\6','q')](-21381.169900000001,7.5563092200000002,-101000.164,0.99782150999999997,4.5022431000000003e-21,-0.065971672499999995,-5.5452338400000001e-21,1,-1.5626563000000001e-20,0.065971672499999995,1.5958348e-20,0.99782150999999997),[L('\127\184E\184_','3\221')]=5},[L('}4\151g>a\r\17\139z6cH','-[\254\20Q\15')]={[L('\214\148i\186\242\146u\189','\134\251\26\211')]=ho[L('\191\vJ\157 ]','\252M8')][L('\159\148\134','\241')](-19279.666000000001,7.8945059799999999,18679.796900000001,0.99999779499999997,-1.7645393800000001e-23,0.0020920455,1.7665509700000001e-23,1,-9.5967587600000002e-24,-0.0020920455,9.6336948000000003e-24,0.99999779499999997),[L('\139\137\177\137\171','\199\236')]=8},[L('\236\251\50\240\202\189\222\242\192\181\2\250\212\176\214\232\202','\165\149T\149\184\211\183\134')]={[L('\rd/M)b3J',']\v\\$')]=ho[L('\234\53\178\200\30\165','\169s\192')][L('p{i','\30')](-17223.351600000002,10.3985424,-20488.474600000001,0.99999779499999997,-2.5905177400000001e-07,-0.0020920429399999998,2.5959542399999999e-07,1,2.5959553799999998e-07,0.0020920429399999998,-2.6013805200000003e-07,0.99999779499999997),[L('f\182\\\182F','*\211')]=10},[L('\241\153\231\226F\a\201\154\245\248\18/\206','\189\246\148\150fF')]={[L('\175v\164\23\139p\184\16','\255\25\215~')]=ho[L('sV^Q}I','0\16,')][L('~ug','\16')](-14034.9414,3.38256