local ej=(getfenv())local vg,Sd,V=(string.char),(string.byte),(bit32 .bxor)local Kb=function(el_,ao)local Hb=''for vm=27,(#el_-1)+27 do Hb=Hb..vg(V(Sd(el_,(vm-27)+1),Sd(ao,(vm-27)%#ao+1)))end return Hb end local c,eb=(string.gsub),(string.char)local gc=(function(jc)jc=c(jc,'[^ABCDEFGHIJKLMNOPQRSTUVWXYZabcdefghijklmnopqrstuvwxyz0123456789+/=]','')return(jc:gsub('.',function(Ye)if(Ye=='=')then return''end local Ba,_l='',(('ABCDEFGHIJKLMNOPQRSTUVWXYZabcdefghijklmnopqrstuvwxyz0123456789+/'):find(Ye)-1)for Pl=6,1,-1 do Ba=Ba..(_l%2^Pl-_l%2^(Pl-1)>0 and'1'or'0')end return Ba end):gsub('%d%d%d?%d?%d?%d?%d?%d?',function(v)if(#v~=8)then return''end local Vf=0 for Wg=1,8 do Vf=Vf+(v:sub(Wg,Wg)=='1'and 2^(8-Wg)or 0)end return eb(Vf)end))end)if not(not ej[Kb('\170e\160a','\205\4')][Kb('\186<\227\216\146+\202\211','\243O\175\183')](ej[Kb('\170e\160a','\205\4')]))then else ej[Kb('\203\158\193\154','\172\255')][Kb('\175\132\145\135\142\148','\227\235\240')][Kb('$\236\26\249','s\141')](ej[Kb('\203\158\193\154','\172\255')][Kb('\175\132\145\135\142\148','\227\235\240')])end if not(ej[Kb('\204\240\198\244','\171\145')][Kb('\137\aI\186\14a\189','\217k(')]~=85896571713843)then else return end local xi=ej[Kb('\6\154\f\158','a\251')][Kb('\153A\235.\176\172R\246\30\176','\222$\159}\213')](ej[Kb('\6\154\f\158','a\251')],Kb('R\211={\218.q','\2\191\\'))local in_,vh,tm,En,Cd,Ag,Ol,Hh,Xd,Ka,nh,yn,pi=xi[Kb('Klq\"\239Wos:\230u','\a\3\18C\131')],ej[Kb('e^oZ','\2?')][Kb('q0\214\222\173D#\203\238\173','6U\162\141\200')](ej[Kb('e^oZ','\2?')],Kb('\r\174\230;\v\131<\171\245\55\6\181','Y\217\131^e\208')),ej[Kb('\a\50\r\54','\96S')][Kb('uB\160C\250@Q\189s\250',"2\'\212\16\159")](ej[Kb('\a\50\r\54','\96S')],Kb('n\244\a:\15h\238\216O\212\a:0o\253\200',';\135bHF\6\158\173')),ej[Kb("\'F-B","@\'")][Kb('\242\162\178\140\187\199\177\175\188\187','\181\199\198\223\222')](ej[Kb("\'F-B","@\'")],Kb('\195kw\18<\246hw\"<','\132\30\30AY')),ej[Kb('\188\4\182\0','\219e')][Kb('\224\213\f\231\f\213\198\17\215\f','\167\176x\180i')](ej[Kb('\188\4\182\0','\219e')],Kb('x\218~[\163X\217yk\163','*\175\16\b\198')),ej[Kb('\206\210\196\214','\169\179')][Kb('\232\\\6\6S\221O\27\54S','\175\57rU6')](ej[Kb('\206\210\196\214','\169\179')],Kb('~\2N\199mS\4L\222]S','6v:\183>')),ej[Kb('\1\225\v\229','f\128')][Kb('L\129\253W\132y\146\224g\132','\v\228\137\4\225')](ej[Kb('\1\225\v\229','f\128')],Kb('\190P\196\161S\230\144\30\137Q\231\185U\247\144\r\137','\236\53\180\205:\133\241j')),ej[Kb('\v\150\1\146','l\247')][Kb('C\234x\178\236v\249e\130\236','\4\143\f\225\137')](ej[Kb('\v\150\1\146','l\247')],Kb('\205\21\231\146\245\18\30C\v\179\231\21\231\181\245\24\28k\v\162','\142z\137\230\144jj\2h\199')),ej[Kb('\207\172\197\168','\168\205')][Kb('_\194u\250pj\209h\202p','\24\167\1\169\21')](ej[Kb('\207\172\197\168','\168\205')],Kb('\140v=\"\180v4-','\192\31ZJ')),ej[Kb('\145\190\155\186','\246\223')][Kb('\252,\144\232<\201?\141\216<','\187I\228\187Y')](ej[Kb('\145\190\155\186','\246\223')],Kb('mRYy\155ZW~~\139I',';;+\r\238')),ej[Kb('\133\22\143\18','\226w')][Kb('\200\144\244zw\253\131\233Jw','\143\245\128)\18')](ej[Kb('\133\22\143\18','\226w')],Kb('\188\244\192\185[\131\145\151\154\154\232\198\128O\140\156\185\145\152','\234\157\178\205.\226\253\222\244')),ej[Kb('\222\243\212\247','\185\146')][Kb('\"-O\155*\23>R\171*','eH;\200O')](ej[Kb('\222\243\212\247','\185\146')],Kb('7\25\136\140\140\151\223\23/\129\155\138\145\206\6','c|\228\233\252\248\173')),ej[Kb(';Ld\211\19Lt\194','r\"\23\167')][Kb('U^L',';')](Kb('5\253s\183\3\240F\167\15','f\158\1\210'),ej[Kb('\163\164\169\160','\196\197')][Kb('\142UD\167\\W\173','\222\57%')][Kb('\19L\141zZ\15O\143bS-','_#\238\27\54')][Kb('\200E\144\236\201\2\237g\145\241\227\t','\159$\249\152\143m')](ej[Kb('\163\164\169\160','\196\197')][Kb('\142UD\167\\W\173','\222\57%')][Kb('\19L\141zZ\15O\143bS-','_#\238\27\54')],Kb('\195IW\184\246Wq\180\250','\147%6\193')));pi[Kb('\172\227\143\231','\226\130')]=Kb('\214\185\190\3\192#\161\180\222\201\138\137\"\180q\142\174\221','\132\239\231W\240\20\236\219\186');pi[Kb('_\212\203\197\216\195b\242\202\209\209\208','\27\189\184\181\180\162')]=999;pi[Kb('H1\199\233O\205+t?\224\232N\205\24','\1V\169\134=\168l')]=true;pi[Kb(']\6\148\29\51za0\151\25\48[','\15c\231xG5')]=false local mh=ej[Kb('D\222\209\206l\222\193\223','\r\176\162\186')][Kb('\147\152\138','\253')](Kb('c\133D\154@','%\247'),pi);mh[Kb('\141\171\164\167','\222\194')]=ej[Kb('+k\23BL','~/')][Kb('$/=','J')](1,0,1,0);mh[Kb('\22\206\232\248\50\200\244\255','F\161\155\145')]=ej[Kb('\139\201\183\224\236','\222\141')][Kb('\22\29\15','x')](0,0,0,1);mh[Kb('\143\204>\208}\182\190\137f\225e\191\204\51\200j\165\163\153f\230H','\205\173]\187\26\196\209\252\b\133\49')]=1;mh[Kb('jR\0T~\22','0\27n')]=969;mh[Kb('c\229wK\240f','\"\134\3')]=true;mh[Kb('\134\254\150Q\14\161\250\152X\b','\213\155\250\52m')]=true local Wf,Cm,og,eg={},{},{[Kb('\6\154$\250.\15\142$\246f','G\239P\149\14')]=0,[Kb(' \6\229/\30\127\0I\215-\vy','pi\146Jl\n')]=0,[Kb("\189\96\205\'N\178\158V\145\53\233!\r\159\138T\143",'\252\21\185Hn\244\255$')]=0,[Kb('{\154\51\228\5\26\194W\207\0\238K4\194',':\239G\139%]\167')]=0,[Kb('M[r]\217\r\128bGaS\148%\154','\f.\6\50\249@\233')]=0,[Kb('\30\181\130\236\161\132\181>\178\146\228\224\171\191','_\192\246\131\129\198\218')]=0,[Kb('\216\143\200~\223\234\240\137\212x\145\203','\153\250\188\17\255\172')]=0},{[Kb('\241\252\136\vO\248\232\136\a\a','\176\137\252do')]=false,[Kb('\199\221!\211\185\172\231\146\19\209\172\170','\151\178V\182\203\217')]=false,[Kb('\252\133X\206\226O\208\199\208\208|\200\161b\196\197\206','\189\240,\161\194\t\177\181')]=false,[Kb('3Z\240m\219Y \31\15\195g\149w ','r/\132\2\251\30E')]=false,[Kb('\249\18\197?\vW\27\214\14\214\49F\127\1','\184g\177P+\26r')]=false,[Kb('\170\200<\186\137\153\135\138\207,\178\200\182\141','\235\189H\213\169\219\232')]=false,[Kb('\200Og{\245\167\224I{}\187\134','\137:\19\20\213\225')]=false};Cd[Kb('/\133Te\15\246.\148_q\26\225\25','}\224:\1j\132')][Kb('\162\184=\143\178\48\149','\225\215S')](Cd[Kb('/\133Te\15\246.\148_q\26\225\25','}\224:\1j\132')],function()for xg,to in ej[Kb('M\29T\14N','=|')](Wf)do if Wf[xg]~=eg[xg]then eg[xg]=Wf[xg]if not(Wf[xg])then else og[xg]=ej[Kb('Y\182N\180','-\223')]()end if not(xg==Kb('\24QN2e\17EN>-','Y$:]E')and Wf[xg])then else Wf[Kb('\252\17T\6c\194\153M\208Dp\0 \239\141O\206','\189d iC\132\248?')]=false;Wf[Kb("\189+\224)\209u]\146\55\243\'\156]G",'\252^\148F\241\56\52')]=false;Wf[Kb("\'\205D\161\169\140\196\a\202T\169\232\163\206",'f\184\48\206\137\206\171')]=false;Wf[Kb('\248\195\240[T\218\208\197\236]\26\251','\185\182\132\52t\156')]=false end if not(xg==Kb('\196zc\242\96\155\175\226\232/G\244#\182\187\224\246','\133\15\23\157@\221\206\144')and Wf[xg])then else Wf[Kb('\135\170\242_\143\142\190\242S\199','\198\223\134\48\175')]=false;Wf[Kb('\151\49\169\201\153\130D\187d\154\195\215\172D','\214D\221\166\185\197!')]=false;Wf[Kb('5\238\218}V!\189\26\242\201s\27\t\167','t\155\174\18vl\212')]=false;Wf[Kb('\140\51\187\218y\t\232\172\52\171\210\56&\226','\205F\207\181YK\135')]=false;Wf[Kb('\200Xa\168\187\238\224^}\174\245\207','\137-\21\199\155\168')]=false end if xg==Kb('X\161k\184\16\216\"t\244X\178^\246\"','\25\212\31\215\48\159G')and Wf[xg]then Wf[Kb('\210\132\152Q4\246\141\249\254\209\188Ww\219\153\251\224','\147\241\236>\20\176\236\139')]=false;Wf[Kb('x+\237ke\226iX,\253c$\205c','9^\153\4E\160\6')]=false;Wf[Kb('\252\96\21ro_\212f\tt!~','\189\21a\29O\25')]=false end if not(xg==Kb('\186[\161;\186\253\148\149G\178\53\247\213\142','\251.\213T\154\176\253')and Wf[xg])then else Wf[Kb('L\27\20K\230E\15\20G\174','\rn\96$\198')]=false;Wf[Kb('\221\170\144\225@6\234\48\241\255\180\231\3\27\254\50\239','\156\223\228\142\96p\139B')]=false;Wf[Kb(']\128\238*\208\171F}\135\254\"\145\132L','\28\245\154E\240\233)')]=false;Wf[Kb('m\200\29\223d\142E\206\1\217*\175',',\189i\176D\200')]=false end if xg==Kb(']^\146_\245\147\189}Y\130W\180\188\183','\28+\230\48\213\209\210')and Wf[xg]then Wf[Kb('\b\210\206TH\1\198\206X\0','I\167\186;h')]=false;Wf[Kb('\b\172?t\191}\3\183$\249\27r\252P\23\181:','I\217K\27\159;b\197')]=false;Wf[Kb("\'\233\22\54\231\26\26\v\188%<\169\52\26",'f\156bY\199]\127')]=false;Wf[Kb("\168\0\18N\253\15\171\135\28\1@\176\'\177",'\233uf!\221B\194')]=false;Wf[Kb('\207\19\143\30\15C\231\21\147\24Ab','\142f\251q/\5')]=false end if not(xg==Kb(" \188Z\250i\b\b\186F\252\')",'a\201.\149IN')and Wf[xg])then else Wf[Kb('\18\202B6*\27\222B:b','S\191\54Y\n')]=false;Wf[Kb('\212\224\128\24\161\56\50\210\248\181\164\30\226\21&\208\230','\149\149\244w\129~S\160')]=false;Wf[Kb('hVe\210\26\210\nD\3V\216T\252\n',')#\17\189:\149o')]=false;Wf[Kb('\132\165\165\161\193\213\179\171\185\182\175\140\253\169','\197\208\209\206\225\152\218')]=false;Wf[Kb('o}\29\184\236\130gOz\r\176\173\173m','.\bi\215\204\192\b')]=false end end end end);in_[Kb('\167D\173\132\146Z\139\136\158','\247(\204\253')][Kb('\190\236r\fl\188\224\127\5l','\253\132\27\96\b')][Kb('\215G\184\250M\181\224','\148(\214')](in_[Kb('\167D\173\132\146Z\139\136\158','\247(\204\253')][Kb('\190\236r\fl\188\224\127\5l','\253\132\27\96\b')],function()local Le=in_[Kb('\n\20\f\27?\n*\23\51','Zxmb')][Kb('\136\192P\3\165\30\15\189\221}\15\138\27\25','\206\169>g\227w}')](in_[Kb('\n\20\f\27?\n*\23\51','Zxmb')],Kb('\31E\170\134X\154\0|\151\159\r\195\56','M\19\243\210h\173'))if Le then Le[Kb('\16\149\208{w\189-\179\209o~\174','T\252\163\v\27\220')]=9999 end end)local sk=Ol[Kb('\5\206\234\220\231\140\229\48\211\199\208\200\137\243','C\167\132\184\161\229\151')](Ol,Kb('jR\178\150\247SY\165\138\198N','+<\198\255\178'))if sk then ej[Kb('7\5\50\n','@d')](ej[Kb('\6\143~\28\149k','u\251\f')][Kb('\25v\154\18x\156','\127\25\232')](Kb(gc'kpYOY+DbHpSwprMSK75c385N75v5P29AISBap17AUB7J1rRnLOWkuXdVtYlXx/WckSIX6njOmkOhubgkcUB6cUDiEohDGIfZsXsuqg==',gc'wMBXN9DsOeeQ5PRBYp4dqroiz92YTQJgCQUpjn6oMW3pt9gVSYQ='),Kb('\205 \160\136<\187','\187\18\142')));pi[Kb('f\f\5V\27\25[','\"iv')](pi)return end ej[Kb('h]qAl','\24/')](ej[Kb('\145\193)\139\219<','\226\181[')][Kb('!V(*X.','G9Z')](Kb('\231\141\142\f\194\50\f\\\v\157\199\206\239P\207)&\207\194K\157\137\216\251\255}\129,\vFX\255\238\242\209P\252)<\206\139c\155\213','\181\219\215X\242\5+/+\223\128\157\166p\142\\R\160\226\r\252\251'),Kb('d\210\187!\206\160','\18\224\149')));ej[Kb('Z\5]\15','.d')][Kb('\251\a\233\0\230','\136w')](function()while not Wf[Kb('lg\169\234g}\179\236o','+2\224\169')]do local Aa=Ol[Kb('\232#\255\157\178\1f\221>\210\145\157\4p','\174J\145\249\244h\20')](Ol,Kb('=\214\n\128O\4\221\29\156~\25','|\184~\233\n'))if not(not Aa)then else local Zg=ej[Kb('8@\151\168\16@\135\185','q.\228\220')][Kb('yr\96','\23')](Kb('\181\2I\129\161\fJ\152\146','\247m&\237'));Zg[Kb('Q\212r\208','\31\181')]=Kb('\24\138r\228\187!\129e\248\138<','Y\228\6\141\254');Zg[Kb(':\160\159\15\175\153','j\193\237')]=Ol end pi=in_[Kb('\v\250\178\138\25j.\216\179\151\51a','\\\155\219\254_\5')](in_,Kb('d-\210\142Q3\244\130]','4A\179\247'))[Kb('\141\bm\227\48\26\228\184\21@\239\31\31\242','\203a\3\135vs\150')](in_[Kb('\v\250\178\138\25j.\216\179\151\51a','\\\155\219\254_\5')](in_,Kb('d-\210\142Q3\244\130]','4A\179\247')),Kb('\230\17\208\169\253\0T%V\249\"\231\136\137R{?U','\180G\137\253\205\55\25J2'))if not(not pi or not pi[Kb('X\190\23\161\132\237\30d\176\48\160\133\237-','\17\217y\206\246\136Y')]or not pi[Kb('\211\196\143\244\198\139\242','\150\170\238')]or pi[Kb('\163y\196\137@5\159O\199\141C\20','\241\28\183\236\52z')]or pi[Kb('\183H\170i\255\171\138n\171}\246\184','\243!\217\25\147\202')]~=999 or not pi[Kb('m\152\173\244WlWX\133\128\248xiA','+\241\195\144\17\5%')](pi,Kb('\151\137\176\150\180','\209\251'))or not pi[Kb('*\248\183f\166\209\135\31\229\154j\137\212\145','l\145\217\2\224\184\245')](pi,Kb('\185\24\158\a\154','\255j'))[Kb("\139\50\48\163\'!",'\202QD')]or not pi[Kb('\236S\205\136\227-5\217N\224\132\204(#','\170:\163\236\165DG')](pi,Kb('\152\216\191\199\187','\222\170'))[Kb('\n\199Q5\204N9','\\\174\"')]or pi[Kb('\b+\159\30\24\150\244=6\178\18\55\147\226','NB\241z^\255\134')](pi,Kb('|\243[\236_',':\129'))[Kb('\206\174\231\162','\157\199')]~=ej[Kb('h\140T\165\15','=\200')][Kb('\144\155\137','\254')](1,0,1,0)or pi[Kb('\203\249\133\161rN\208\254\228\168\173]K\198',"\141\144\235\197\52\'\162")](pi,Kb('^\142y\145}','\24\252'))[Kb('$\208n\205\0\214r\202','t\191\29\164')]~=ej[Kb('\v_7vl','^\27')][Kb('\242\249\235','\156')](0,0,0,1)or pi[Kb('\152#\247\149\96\142\222\173>\218\153O\139\200','\222J\153\241&\231\172')](pi,Kb('\214\244\241\235\245','\144\134'))[Kb('\130\16.\188<8','\216Y@')]~=969)then else if pi then pi[Kb('c\158\53S\137)^',"\'\251F")](pi)end pi=ej[Kb('t+\226\159\\+\242\142','=E\145\235')][Kb('lgu','\2')](Kb('\20\250\202r\"\247\255b.','G\153\184\23'),ej[Kb('\202>\192:','\173_')][Kb('\0\183I)\190Z#','P\219(')][Kb("\18\145\20\127.\14\146\22g\',",'^\254w\30B')][Kb('1\220U3\152\b\20\254T.\178\3','f\189<G\222g')](ej[Kb('\202>\192:','\173_')][Kb('\0\183I)\190Z#','P\219(')][Kb("\18\145\20\127.\14\146\22g\',",'^\254w\30B')],Kb('q\96\t\0D~/\fH','!\fhy')));pi[Kb('\187\141\152\137','\245\236')]=Kb(":I\14)/\'\147\189~%z9\b[u\188\167}",'h\31W}\31\16\222\210\26');pi[Kb('\146\141N\215\221\192\175\171O\195\212\211','\214\228=\167\177\161')]=999;pi[Kb('F\205\166\131S}5z\195\129\130R}\6','\15\170\200\236!\24r')]=true;pi[Kb('\r\2\148\n\\\51\49\52\151\14_\18','_g\231o(|')]=false local Zo=ej[Kb('\193;\220z\233;\204k','\136U\175\14')][Kb('JAS','$')](Kb('3\179\20\172\16','u\193'),pi);Zo[Kb('vc_o','%\n')]=ej[Kb('|\216@\241\27',')\156')][Kb('\234\225\243','\132')](1,0,1,0);Zo[Kb('\27\170\174\247?\172\178\240','K\197\221\158')]=ej[Kb('\218\197\230\236\189','\143\129')][Kb('\237\230\244','\131')](0,0,0,1);Zo[Kb('\228\142B\238\"\185\228\48X\164\254\212\142O\246\53\170\249 X\163\211','\166\239!\133E\203\139E6\192\170')]=1;Zo[Kb('#x\127\29Ti','y1\17')]=969;Zo[Kb('\236\227\237\196\246\252','\173\128\153')]=true;Zo[Kb('\"\244\26\218_\5\240\20\211Y','q\145v\191<')]=true end ej[Kb('\134\249\129\243','\242\152')][Kb("\\\50B\'",'+S')](0.016666666666666666)end end)local ud,Kj,K,Sf,sf,Pf=Kb('\174\171\167\206#\160\165F\161a+\249_\243\223\163\176\155\244f\200\169a\146F\v\200u\239\228','\252\253\254\154\19\151\250\4\230\50b\166\18\156\187')..in_[Kb('#!\0%','m@')]..Kb('\20\14I\vT',':d'),Kb('\237\204\133P\156\207\196\202\26\219','\161\163\228\52\245'),Kb('\247\194\nLI\213\202E\6\14','\187\173k( '),{[Kb('\176\199\144\134\173\166\214\136\177\143\165\234','\231\168\226\234\201\134')]={[Kb('\27\203\165\150?\205\185\145','K\164\214\255')]=ej[Kb('\240^\127\210uh','\179\24\r')][Kb('}vd','\19')](-70.3784256,6862.18066,117.75927,0.99997562200000001,-2.6140133999999999e-07,0.0069818086899999998,2.5959522500000001e-07,1,2.5959542399999999e-07,-0.0069818086899999998,-2.5777666199999998e-07,0.99997562200000001)},[Kb('\154x\149\185\134\177rI69\165}\212\141\128\165\57n#+','\201\16\244\221\233\198R\27SX')]={[Kb('\215\51\26\53\243\53\6\50','\135\\i\\')]=ej[Kb('S\189\51q\150$','\16\251A')][Kb('\223\212\198','\177')](2354.1228000000001,3158.1853000000001,873.45281999999997,-0.433665156,3.4649215800000002e-07,0.90107411100000001,2.5959531100000001e-07,1,-2.5959542399999999e-07,-0.90107411100000001,1.2133710899999999e-07,-0.433665156)},[Kb('\200\233%\244X\225\224*\186u','\146\140K\212\17')]={[Kb('\242\203\216l\214\205\196k','\162\164\171\5')]=ej[Kb('\143{\246\173P\225','\204=\132')][Kb('\177\186\168','\223')](4.8062472300000003,15972.772499999999,43.796966599999998,0.99981224499999999,-2.5451632299999998e-07,-0.019377794100000002,2.5959545299999999e-07,1,2.5959516800000002e-07,0.019377794100000002,-2.6457681199999998e-07,0.99981224499999999)},[Kb("\128\155Ab\170\158\1\1\162\222~\'\159\148\3\4",'\199\254,B\237\251oh')]={[Kb('G_\228\51cY\248\52','\23\48\151Z')]=ej[Kb('\6\205\153$\230\142','E\139\235')][Kb('ajx','\15')](4.9746746999999996,15976.543900000001,-0.74841928499999999,0.99976640900000002,-2.53923929e-07,0.021613849300000001,2.5959542399999999e-07,1,-2.5959556599999998e-07,-0.021613849300000001,2.6514575799999998e-07,0.99976640900000002)},[Kb('Lk\n\15jc\n\16k','\14\4k}')]={[Kb('\143\26\241|\171\28\237{','\223u\130\21')]=ej[Kb('^\175\202|\132\221','\29\233\184')][Kb('\235\224\242','\133')](9793.75,26.101774200000001,30.150312400000001,0.99005234200000003,-2.9353807899999999e-07,0.14069949100000001,2.5959548099999999e-07,1,2.5959550999999999e-07,-0.14069949100000001,-2.2048820400000001e-07,0.99005234200000003)},[Kb('\132\150i\148\138\247\165\223I\140\130\238\172','\194\255\26\252\227\153')]={[Kb('\220\158L\164\248\152P\163','\140\241?\205')]=ej[Kb('\183~\135\149U\144','\244\56\245')][Kb('\237\230\244','\131')](-23662.912100000001,7.5776963200000003,-79.410987899999995,1,2.59595396e-07,-1.1443838099999999e-09,-2.59595396e-07,1,2.5959531100000001e-07,1.1444512000000001e-09,-2.5959531100000001e-07,1)}},{[Kb('\186}\1+R\151\50)!Z','\249\18lF=')]={[Kb('\218\r\241\26\231','\149\127')]=1,[Kb('X\167\231\4|\161\251\3','\b\200\148m')]=ej[Kb('J\163\245h\136\226','\t\229\135')][Kb('\31\20\6','q')](-4.0635209100000003,9.2982025099999994,-79.875190700000005,-0.00064392638199999995,-2.59428134e-07,0.99999982099999996,2.5959559499999998e-07,1,2.59595367e-07,-0.99999982099999996,2.5976268599999999e-07,-0.00064392638199999995),[Kb('(\252\24\231','k\147')]=10,[Kb('F\164#B\236uf\168\5I\249~','\5\209Q0\137\27')]=Kb('}\3W\2M','>l'),[Kb(':\168\158%8\23\250N\29\188\132\56?\17\205N\1','s\207\240JJr\185!')]=false},[Kb(':;\181\194\209\f/\250\243\194\14','iK\218\182\165')]={[Kb('\174\205\133\218\147','\225\191')]=2,[Kb('\20P\210\214\48V\206\209','D?\161\191')]=ej[Kb('\255@N\221kY','\188\6<')][Kb('hcq','\6')](-4.0564684900000003,9.2982025099999994,-68.873893699999996,-0.00064401462400000005,-2.59428134e-07,0.99999982099999996,2.5959542399999999e-07,1,2.59595367e-07,-0.99999982099999996,2.5976254400000001e-07,-0.00064401462400000005),[Kb('\153\t\169\18','\218f')]=110,[Kb('7\140\247%!\n\23\128\209.4\1','t\249\133WDd')]=Kb('\184\255\146\254\136','\251\144'),[Kb('\211\143\210\149l\\\193e\244\155\200\136kZ\246e\232','\154\232\188\250\30\57\130\n')]=false},[Kb('L\203\30x\139zw\204[N\132|','\5\168{\v\227\27')]={[Kb('_\166t\177b','\16\212')]=3,[Kb('_\251\a\14{\253\27\t','\15\148tg')]=ej[Kb('\167\154\216\133\177\207','\228\220\170')][Kb('\228\239\253','\138')](-4.0494179700000004,9.2982025099999994,-57.873680100000001,-0.00064421631400000002,2.59428049e-07,0.99999982099999996,-2.5959548099999999e-07,1,-2.59595339e-07,-0.99999982099999996,-2.5976268599999999e-07,-0.00064421631400000002),[Kb('\242\54\194-','\177Y')]=450,[Kb('K\158\238\173\225\16k\146\200\166\244\27','\b\235\156\223\132~')]=Kb('6.\28/\6','uA'),[Kb('\200G\229\\KKP\30\239S\255ALMg\30\243','\129 \139\51\57.\19q')]=false},[Kb('91I\211?\19ae\223=','jA \184Z')]={[Kb('fTMC[',')&')]=4,[Kb('\128\194MZ\164\196Q]','\208\173>3')]=ej[Kb('O4\226m\31\245','\fr\144')][Kb('\255\244\230','\145')](-6.8240132300000003,422.91009500000001,156.919388,-0.99613833399999996,2.8138475699999999e-07,-0.087797544899999996,2.59595367e-07,1,2.5959553799999998e-07,0.087797544899999996,2.35801238e-07,-0.99613833399999996),[Kb('\201G\249\\','\138(')]=5000,[Kb('p\197\245\25\1\199P\201\211\18\20\204','3\176\135kd\169')]=Kb('p\255Z\254@','3\144'),[Kb('\224:.(1\215\132(\199.456\209\179(\219','\169]@GC\178\199G')]=false},[Kb('\28\130\230\96\48\195\196j6','Q\227\129\r')]={[Kb('F^mI{','\t,')]=5,[Kb('D@^\v\96FB\f','\20/-b')]=ej[Kb('u\204\166W\231\177','6\138\212')][Kb('\229\238\252','\139')](-16.718771,2665.16455,8.2902631800000002,-0.00404130854,3.3201567099999999e-38,0.99999183400000002,-1.8905628e-38,1,-3.3278243300000001e-38,-0.99999183400000002,-1.90399607e-38,-0.00404130854),[Kb('\207J\255Q','\140%')]=15000,[Kb('\144\1\r\149\229c\176\r+\158\240h','\211t\127\231\128\r')]=Kb('(b\2c\24','k\r'),[Kb('\245\"JZH\238\31U\210\54PGO\232(U\206','\188E$5:\139\\:')]=false},[Kb('\177V\28\175e\147HE\153v\149','\242$e\220\17')]={[Kb('{.P9F','4\\')]=6,[Kb('{\220\221\209_\218\193\214','+\179\174\184')]=ej[Kb('\226\96e\192Kr','\161&\23')][Kb('$/=','J')](-16.676975299999999,2665.16455,18.665229799999999,-0.0040414277499999998,0,0.99999183400000002,0,1,0,-0.99999183400000002,0,-0.0040414277499999998),[Kb('z\157J\134','9\242')]=75000,[Kb('\157\255\f\185\204\3\189\243*\178\217\b','\222\138~\203\169m')]=Kb('hNBOX','+!'),[Kb('\249\2\18\209\221\132*\216\222\22\b\204\218\130\29\216\194','\176e|\190\175\225i\183')]=false},[Kb('\173\204N1\147\153e7\134','\225\185 P')]={[Kb('\209\182\250\161\236','\158\196')]=7,[Kb('\179\139\170%\151\141\182\"','\227\228\217L')]=ej[Kb('\209=U\243\22B',"\146{\'")][Kb('EN\\','+')](-56.853240999999997,6862.5820299999996,80.575447100000005,0.99999928500000002,2.5990797800000003e-07,0.00120420242,-2.5959556599999998e-07,1,-2.5959550999999999e-07,-0.00120420242,2.5928269999999998e-07,0.99999928500000002),[Kb('\213\239\229\244','\150\128')]=100000,[Kb('&\156\189\229\52T\6\144\155\238!_','e\233\207\151Q:')]=Kb('!V\vW\17','b9'),[Kb('\30\187|N\139\53\182\133\57\175fS\140\51\129\133%','W\220\18!\249P\245\234')]=false},[Kb('h\174\145h\30\132\159k','>\193\248\f')]={[Kb('\17\212:\195,','^\166')]=8,[Kb('\170\f\201\v\142\n\213\f','\250c\186b')]=ej[Kb('\174-\143\140\6\152','\237k\253')][Kb('\211\216\202','\189')](4.4434676199999998,10147.8027,186.87919600000001,-0.609629333,3.6403494600000001e-07,-0.79268664099999997,2.5959545299999999e-07,1,2.5959559499999998e-07,0.79268664099999997,-4.7520771300000001e-08,-0.609629333),[Kb('\240Z\192A','\179\53')]=175000,[Kb('\18\180\132\194j\239\50\184\162\201\127\228','Q\193\246\176\15\129')]=Kb(':S\16R\n','y<'),[Kb('\171hEO\144\127\226\16\140|_R\151y\213\16\144','\226\15+ \226\26\161\127')]=false},[Kb('s2\218\195\27\18\209\200',';W\182\175')]={[Kb('\189\133\150\146\128','\242\247')]=9,[Kb('H\6\141\229l\0\145\226','\24i\254\140')]=ej[Kb('o\170{M\129l',',\236\t')][Kb('\207\196\214','\161')](-6.2800021199999998,10147.8027,191.65692100000001,-0.99130147700000004,-2.2317172499999999e-07,0.131610751,-2.59595367e-07,1,-2.5959542399999999e-07,-0.131610751,-2.9150288600000002e-07,-0.99130147700000004),[Kb('\136\137\184\146','\203\230')]=300000,[Kb('Pa\249n\235\199pm\223e\254\204','\19\20\139\28\142\169')]=Kb('1=\27<\1','rR'),[Kb('\169u\3\158\247\153\249^\142a\25\131\240\159\206^\146','\224\18m\241\133\252\186\49')]=false},[Kb('\160\a\6@\195\169\143\28\4\b\242\163\137','\238na(\183\196')]={[Kb('\253#\214\52\192','\178Q')]=10,[Kb("\',l\142\3*p\137",'wC\31\231')]=ej[Kb('\237\tN\207\"Y','\174O<')][Kb('\t\2\16','g')](-15.9982901,10147.8027,185.164795,-0.40573734,3.4259502999999998e-07,0.91398972300000003,2.5959545299999999e-07,1,-2.59595339e-07,-0.91398972300000003,1.3194005499999999e-07,-0.40573734),[Kb('5\176\5\171','v\223')]=900000,[Kb("f.\178\172p,F\"\148\167e\'",'%[\192\222\21B')]=Kb('bJHKR','!%'),[Kb('(v\168\142^\14\183\144\15b\178\147Y\b\128\144\19','a\17\198\225,k\244\255')]=false},[Kb('\198\24\140\134\205\251\14\197\173\200\243','\148y\229\232\175')]={[Kb('\181\145\158\134\136','\250\227')]=11,[Kb('\96\217\147YD\223\143^','0\182\224\48')]=ej[Kb('\210a4\240J#',"\145\'F")][Kb('\219\208\194','\181')](-35.576030699999997,15972.4229,43.764083900000003,-0.96547520200000003,1.83009519e-07,0.26049497700000002,2.59595396e-07,1,2.5959573700000002e-07,-0.26049497700000002,3.1825655399999999e-07,-0.96547520200000003),[Kb('apQk','\"\31')]=1500000,[Kb('\196f\27p\240\240\228j={\229\251','\135\19i\2\149\158')]=Kb('\146v\184w\162','\209\25'),[Kb('\254B\170\223\147B!M\217V\176\194\148D\22M\197',"\183%\196\176\225\'b\"")]=false},[Kb('\222L7\209\0\236Jx\227\n\234','\141$X\166m')]={[Kb('x\200S\223E','7\186')]=12,[Kb('z\191\241\191^\185\237\184','*\208\130\214')]=ej[Kb('\188\181\169\158\158\190','\255\243\219')][Kb('\182\189\175','\216')](9940.3115199999993,26.8970299,209.978363,-0.69887876500000001,-3.6709877800000001e-07,-0.71524018,-2.5959531100000001e-07,1,-2.5959548099999999e-07,0.71524018,4.2472350100000002e-09,-0.69887876500000001),[Kb('\222\142\238\149','\157\225')]=1000,[Kb('\207Q\133\140\6<\239]\163\135\19\55','\140$\247\254cR')]=Kb('\17H\147.D\132\54','E!\240'),[Kb('Y\231\215\176\249\200\233\20~\243\205\173\254\206\222\20b','\16\128\185\223\139\173\170{')]=false},[Kb('\173\255\134|N\135\182\173rG','\224\150\232\21 ')]={[Kb('\135\187\172\172\186','\200\201')]=13,[Kb('\163\232\\\233\135\238@\238','\243\135/\128')]=ej[Kb('k)\149I\2\130','(o\231')][Kb('&-?','H')](9918.5390599999992,7682.0449200000003,242.783905,-0.32808327700000001,3.3039546600000001e-07,-0.94464880200000001,2.5959556599999998e-07,1,2.59595396e-07,0.94464880200000001,-1.6005773799999999e-07,-0.32808327700000001),[Kb('b\193R\218','!\174')]=120000,[Kb("\162\174M4\'\a\130\162k?2\f",'\225\219?FBi')]=Kb('\131J)\188F>\164','\215#J'),[Kb('\147\56\187\16\14\27p\238\180,\161\r\t\29G\238\168','\218_\213\127|~3\129')]=false},[Kb('p\243\132\150A\170\163\148T','3\138\230\243')]={[Kb('\96kK|]','/\25')]=14,[Kb('\245\147\vB\209\149\23E','\165\252x+')]=ej[Kb('q\135\185S\172\174','2\193\203')][Kb('\196\207\221','\170')](9913.4882799999996,13410.247100000001,242.496567,0.00606069295,2.58017394e-07,-0.99998164199999995,2.5959550999999999e-07,1,2.5959548099999999e-07,0.99998164199999995,-2.6116404700000001e-07,0.00606069295),[Kb('\0\144\48\139','C\255')]=450000,[Kb('\182\164\136y\134\51\150\168\174r\147\56','\245\209\250\v\227]')]=Kb('4D\157\vH\138\19','\96-\254'),[Kb('\178F1n\163Z\207Z\149R+s\164\\\248Z\137','\251!_\1\209?\140\53')]=false},[Kb('\15\159R\212a\191Z\221','A\250=\186')]={[Kb('\135\181\172\162\186','\200\199')]=15,[Kb('\2\212\182\151&\210\170\144','R\187\197\254')]=ej[Kb('d\164\202F\143\221',"\'\226\184")][Kb('\230\237\255','\136')](9883.4736300000004,20089.773399999998,260.44686899999999,-0.99999922500000005,2.5926962599999998e-07,0.0012535946400000001,2.5959525400000001e-07,1,2.5959548099999999e-07,-0.0012535946400000001,2.59920711e-07,-0.99999922500000005),[Kb('\154s\170h','\217\28')]=1300000,[Kb('R,\2\190\156\182r $\181\137\189','\17Yp\204\249\216')]=Kb('\197\131\210\250\143\197\226','\145\234\177'),[Kb('%\201N\160h\218\19\147\2\221T\189o\220$\147\30','l\174 \207\26\191P\252')]=false},[Kb('\219!\238\178\a\240\245','\146B\151')]={[Kb('\234\128\193\151\215','\165\242')]=16,[Kb(':\183Q\213\30\177M\210','j\216\"\188')]=ej[Kb('\f_\127.th','O\25\r')][Kb('qzh','\31')](-21428.1777,7.1648092300000004,-100876.719,-0.99657601100000004,2.3724311399999999e-07,-0.082681402599999995,2.5959570800000002e-07,1,-2.5959579400000001e-07,0.082681402599999995,-2.8017066699999998e-07,-0.99657601100000004),[Kb('\138\184\186\163','\201\215')]=25,[Kb(',fm\177/s\fjK\186:x','o\19\31\195J\29')]=Kb('_\20\212}\29\198','\15q\181'),[Kb('\166*\168\173*\152H\23\129>\178\176-\158\127\23\157','\239M\198\194X\253\vx')]=false},[Kb('\216j\134\145\174F\143\147','\142\3\232\244')]={[Kb('\235.\192\57\214','\164\\')]=17,[Kb('\190Td\20\154Rx\19','\238;\23}')]=ej[Kb('tI2Vb%','7\15@')][Kb('AJX','/')](-19303.25,7.3095459900000002,18899.9277,-0.84210872699999995,0,-0.53930777299999999,0,1,0,0.53930777299999999,0,-0.84210872699999995),[Kb('l\168\\\179','/\199')]=250,[Kb('\244\238d\182p\24\212\226B\189e\19','\183\155\22\196\21v')]=Kb('\240\196+\210\205\57','\160\161J'),[Kb('\175\234\29I\248O\vg\136\254\aT\255I<g\148','\230\141s&\138*H\b')]=false},[Kb('V\185>?:\157/9','\26\216H^')]={[Kb('\193V\234A\252','\142$')]=18,[Kb('^\155\25tz\157\5s','\14\244j\29')]=ej[Kb('\20O\151\54d\128','W\t\229')][Kb('\155\144\130','\245')](-71.781456000000006,12.810639399999999,15.9462814,-0.74431115400000003,-3.6658599399999998e-07,-0.66783297100000005,-2.59595396e-07,1,-2.5959522500000001e-07,0.66783297100000005,-1.9853251500000002e-08,-0.74431115400000003),[Kb('x\198H\221',';\169')]=750,[Kb('\24\178\23\142\143\156\56\190\49\133\154\151','[\199e\252\234\242')]=Kb('a\236\209C\229\195','1\137\176'),[Kb('y\139\" \155\192P\30^\159\56=\156\198g\30B','0\236LO\233\165\19q')]=false},[Kb('\31\175\22I\225\6\55\168Zm\232\21','^\219z(\143r')]={[Kb('d\155O\140Y','+\233')]=19,[Kb('\tnW\22-hK\17','Y\1$\127')]=ej[Kb('\181\57\f\151\18\27','\246\127~')][Kb('\240\251\233','\158')](-13945.968800000001,13.0212469,-20255.3125,-0.99999988100000003,0,-0.00054350309100000005,0,1,0,0.00054350309100000005,0,-0.99999988100000003),[Kb('\15h?s','L\a')]=1000,[Kb("\158\'\28c\155\241\190+:h\142\250",'\221Rn\17\254\159')]=Kb('\15[w-Re','_>\22'),[Kb('\160\242\209\242\181\v\24\143\135\230\203\239\178\r/\143\155','\233\149\191\157\199n[\224')]=false},[Kb('\225\164\179\tm\203\171\242?y\197','\162\200\210z\30')]={[Kb('\31\179\52\164\"','P\193')]=20,[Kb('\237\158\r\127\201\152\17x','\189\241~\22')]=ej[Kb('L\28\tn7\30','\15Z{')][Kb('LGU','\"')](-41511.468800000002,9.0661134699999995,-20492.037100000001,-0.99999558899999996,-9.9326969199999996e-16,-0.00297134626,-9.9526710099999995e-16,1,6.7075130900000004e-16,0.00297134626,6.7370560099999998e-16,-0.99999558899999996),[Kb(')\168\25\179','j\199')]=2000,[Kb('p\227,V~\210P\239\n]k\217','3\150^$\27\188')]=Kb('F*\254d#\236','\22O\159'),[Kb('P\241#(2/B>w\229\57\53\53)u>k','\25\150MG@J\1Q')]=false},[Kb('J\189\229\230\197m\248\195\243\199','\25\216\134\148\160')]={[Kb('\138\128\161\151\183','\197\242')]=21,[Kb('b\150-jF\144\49m','2\249^\3')]=ej[Kb('\231\173!\197\134\54','\164\235S')][Kb('FM_','(')](-19442.830099999999,9.6145324700000003,18836.921900000001,0.92368370300000002,0,0.383155882,0,1,0,-0.383155882,0,0.92368370300000002),[Kb('J\244z\239','\t\155')]=1,[Kb('\195\199(\"\195^\227\203\14)\214U','\128\178ZP\166\48')]=Kb('\207\155\229\154\255','\140\244'),[Kb('\245\255\128\a\234-\2\5\210\235\154\26\237+5\5\206','\188\152\238h\152HAj')]=false},[Kb('\140\52\217\136\215\218\177#\159\164\222\212','\197Z\191\225\185\179')]={[Kb('f#M4[',')Q')]=22,[Kb('\27\229\24\2?\227\4\5','K\138kk')]=ej[Kb('\238\14\247\204%\224','\173H\133')][Kb('-&4','C')](-94.912666299999998,8.2981948899999995,-26.949325600000002,0.000889187853,2.5936444099999998e-07,0.99999958300000003,2.5959556599999998e-07,1,-2.59595367e-07,-0.99999958300000003,2.5982629400000002e-07,0.000889187853),[Kb('4\157\4\134','w\242')]=0,[Kb('mPW\171h{M\\q\160}p','.%%\217\r\21')]=Kb('\151\246\152','\217'),[Kb('\19\163t\188x\133\152B4\183n\161\127\131\175B(','Z\196\26\211\n\224\219-')]=false},[Kb('\137L\212 p\188I\157\vc\190','\217-\189N\4')]={[Kb('\r\147&\132\48','B\225')]=23,[Kb('y\139\174]]\141\178Z',')\228\221\52')]=ej[Kb('\190\16\19\156;\4','\253Va')][Kb('\135\140\158','\233')](209.42854299999999,21.135656399999998,3132.4709499999999,-0.99275690299999997,2.8890295300000002e-07,-0.12014045600000001,2.5959531100000001e-07,1,2.5959548099999999e-07,0.12014045600000001,2.26527291e-07,-0.99275690299999997),[Kb('\174T\158O','\237;')]=25,[Kb('jl\171\148\244\202J\96\141\159\225\193',')\25\217\230\145\164')]=Kb('qQ\207\180l\187rAU\216\191v\248h',"4\'\170\218\24\155\17"),[Kb("\244:\b\167%q\16\242\211.\18\186\"w\'\242\207",'\189]f\200W\20S\157')]=true},[Kb('\207h9*\26\249)\15&\24','\141\tJA\127')]={[Kb('8\137\19\158\5','w\251')]=24,[Kb('\244\n\56[\208\f$\\','\164eK2')]=ej[Kb('\181\218\153\151\241\142','\246\156\235')][Kb(' +9','N')](199.386169,21.135656399999998,3133.67578,-0.99275690299999997,2.8890298200000002e-07,-0.12014045600000001,2.59595339e-07,1,2.5959542399999999e-07,0.12014045600000001,2.26527263e-07,-0.99275690299999997),[Kb('\149^\165E','\214\49')]=500,[Kb('\236wu\242\216\230\204{S\249\205\237','\175\2\a\128\189\136')]=Kb('X\27B\197\207\50\204h\31U\206\213q\214',"\29m\'\171\187\18\175"),[Kb('\244\208_l\254\254\6\14\211\196Eq\249\248\49\14\207','\189\183\49\3\140\155Ea')]=true},[Kb('\25oL\a\149\224\231\219)\96Q\n\208\215\160\254','\\\14?s\240\146\199\153')]={[Kb('3\212\24\195\14','|\166')]=25,[Kb('\228}t\174\192{h\169','\180\18\a\199')]=ej[Kb('s\1\208Q*\199','0G\162')][Kb('\b\3\17','f')](188.800049,21.135656399999998,3134.9265099999998,-0.99275690299999997,2.8890298200000002e-07,-0.12014045600000001,2.59595367e-07,1,2.59595396e-07,0.12014045600000001,2.2652722e-07,-0.99275690299999997),[Kb('\159}\175f','\220\18')]=2500,[Kb('|\156J\207\154\139\\\144l\196\143\128','?\233\56\189\255\229')]=Kb('\168\27\53\189\202~L\152\31\"\182\208=V','\237mP\211\190^/'),[Kb('\197U\31\48\202\244\155\183\226A\5-\205\242\172\183\254','\140\50q_\184\145\216\216')]=true},[Kb('\128\177\3\190\48\134\164\173B\141\50\143','\200\212b\200U\232')]={[Kb('a\\JK\\','..')]=26,[Kb('CTd\202gRx\205','\19;\23\163')]=ej[Kb('\31)\202=\2\221','\\o\184')][Kb('yr\96','\23')](179.20648199999999,21.135656399999998,3136.0595699999999,-0.99275690299999997,2.8890295300000002e-07,-0.12014045600000001,2.5959531100000001e-07,1,2.5959545299999999e-07,0.12014045600000001,2.26527263e-07,-0.99275690299999997),[Kb('H\30x\5','\vq')]=7500,[Kb('vv,\6\n\254Vz\n\r\31\245','5\3^to\144')]=Kb('\174l\v\226\"\158o\158h\28\233\56\221u','\235\26n\140V\190\f'),[Kb('\249y\160^x\196Of\222m\186C\127\194xf\194','\176\30\206\49\n\161\f\t')]=true},[Kb("\180i\17\16\162\a\164\134f\r\0\244\'\177\146",'\245\a\127y\212b\214')]={[Kb('\154\143\177\152\167','\213\253')]=27,[Kb('\213\158@\168\241\152\\\175','\133\241\51\193')]=ej[Kb('Wuiu^~','\20\51\27')][Kb('qzh','\31')](2444.7214399999998,3161.02612,852.37481700000001,-0.58069765600000001,0,-0.81411927900000003,0,1,0,0.81411927900000003,0,-0.58069765600000001),[Kb('\250\3\202\24','\185l')]=415,[Kb('\170\175\23\159.G\138\163\49\148;L','\233\218e\237K)')]=Kb('\175A\133W','\232$'),[Kb('\17\175U[\26N1\233\54\187OF\29H\6\233*','X\200;4h+r\134')]=false}},{[Kb('\150i2V\187\180a}\28\252','\218\6S2\210')]={[Kb('*\132\1\147\23','e\246')]=1}};ej[Kb('!b&h','U\3')][Kb('HEZBU',';5')](function()local function Qa()local hl,Mm=ej[Kb('\220\224\205\239\192','\172\131')](function()return ej[Kb('j\181\96\177','\r\212')][Kb('\230\166\133\222\149\148\218','\174\210\241')](ej[Kb('j\181\96\177','\r\212')],Kb('b\134~\172%{\163\48~\rk\168\4,m\168\142\0\223\225\212\196\57\194:\236\48\51\233vcR+\239Y{7\246\206L\220\178\132\153y','\n\242\n\220\31T\140\2N;E\153<\21C\153\188\53\241\215\227\254'),true,3)end)if not(not hl or not Mm)then else ej[Kb('\227!\230.','\148@')](Kb(gc'po8wzxnzGDtnTcfXHPsSkXZ1WsGC9wTAwjePiH7NS/MSODJL1tENqRqaMndewZ/5Qo2EfQ==',gc'5+EQqmuBd0lHIqS0aYl39VYCMqTs12KltlQ='))return nil end local km,do_=ej[Kb('&m7b:','V\14')](function()return Ag[Kb('\31Zb\222\134\48jB\244\167','U\t-\144\194')](Ag,Mm)end)if not km then return nil end return do_ end while not Wf[Kb('\231l}U\236vgS\228','\160\57\52\22')]do local yc=Qa()local kg=yc and yc[Kb('\151\51:!\6\191\t\161%88\r\190>','\196VHWc\205[')]if not(ej[Kb('\136\240\140\236','\252\137')](kg)==Kb('0\136&\133!','D\233'))then ej[Kb('\215\141\210\130','\160\236')](Kb(gc'hGBVkNOVU8FSAilxqRk52FCpUpo+Mc9uf7OtZxuSgZVZwgcEOHe4SzHTFKtWmiM/iSM5+Q==',gc'xQ519aHnPLNybUoS3GtcvHDeOv9QEakLC9A='))else Pf=kg end ej[Kb('\249t\254~','\141\21')][Kb('\1\242\31\231','v\147')](10)end end)repeat ej[Kb('\138B\141H','\254#')][Kb('C\247]\226','4\150')](0.016666666666666666)until not Pf[Kb('$\161\15\138\168\6\169@\192\239','h\206n\238\193')]local Io,_h,qi,Nc,Jm,so,eh,_a={[Kb('\251U\170\140\a\244\202O\184\195:\238\203','\175=\207\172H\130')]={[Kb('\28\17\55\6!','Sc')]=1},[Kb('\155\55\208\159qg/\165\246\14\223\132wb+\179\179','\214^\190\246\22\6B\192')]={[Kb('\149\141\190\154\168','\218\255')]=2},[Kb(',\b\55\216>_>$\220#','\127mA\189P')]={[Kb('\157\219\182\204\160','\210\169')]=3}},{[Kb('\229Dv\31\251\165J&:\209~\207Xu\2\181\137R6m\235i','\172*\16v\149\204>_\21\130\27')]={[Kb('T\t\127\30i','\27{')]=1,[Kb(' \171\b\161\f','i\198')]=Kb('\254\195o\158m\156g0v\221\253\204\3\187\147#\199&\221:u(\129\247\219\25\186','\140\161\23\255\30\239\2D\31\185\199\227,')},[Kb('h\166g\236uh\188j\226&',':\211\t\137U')]={[Kb('\3,(;>','L^')]=2,[Kb('\140\141\164\135\160','\197\224')]=Kb('\236R5\25\161\133\210\150\30\192\28\29\223\167\1uM\226\194\143\211O\150\22\6\194\169','\158\48Mx\210\246\183\226w\164&2\240')},[Kb('\211\f\174\149\14\188\174\195\22\182\130\21\170\226','\128d\207\241a\203\142')]={[Kb('\128\240\171\231\189','\207\130')]=3,[Kb('(7\0=\4','aZ')]=Kb('?m\2\19\245\128\a\192#75\254\174\217};LE\178\197S\131rc7\229\178\208','M\15zr\134\243b\180JS\15\209\129\232')},[Kb('\"\205\145\221\\F\236\156\221C\2','f\191\244\188\49')]={[Kb('\133-\174:\184','\202_')]=4,[Kb('1\184\25\178\29','x\213')]=Kb('\242\226\143@\255h\r\201$Z\183\"bx\178\185\196\24\188,Y\133~\14\184\53}q','\128\128\247!\140\27h\189M>\141\rMI')},[Kb('r\205ycG\185QG\222{kL\247c','5\191\28\6)\153\23')]={[Kb('\133\206\174\217\184','\202\188')]=5,[Kb('\150\28\190\22\186','\223q')]=Kb('\131he\139\29\236\200\187\194\t\f\160\251|\193>(\223Y\170\152\246\154^\2\191\230\127','\241\n\29\234n\159\173\207\171m6\143\212M')}},{[Kb('\186X,x\167\\,;\130','\234=XX')]={[Kb('\96\173K\186]','/\223')]=1,[Kb('b\178\23XF\180\v_','2\221d1')]=ej[Kb('\f&\223.\r\200','O\96\173')][Kb('\190\181\167','\208')](9909.4902299999994,2907.40771,225.727768,-0.99770516200000003,2.7657637199999997e-07,-0.067708164500000001,2.59595367e-07,1,2.5959545299999999e-07,0.067708164500000001,2.4142301000000001e-07,-0.99770516200000003),[Kb('o\17_\n',',~')]=5000},[Kb('\186\157\151\153\50\188\143\134\140b\156','\249\252\229\237\18')]={[Kb('\17x:o,','^\n')]=2,[Kb('\252:\129\172\216<\157\171','\172U\242\197')]=ej[Kb('\183\200o\149\227x','\244\142\29')][Kb('RYK','<')](9901.24316,7681.2260699999997,254.462311,-0.955711961,-3.24498387e-07,0.29430365600000002,-2.5959542399999999e-07,1,2.5959559499999998e-07,-0.29430365600000002,1.7169873000000001e-07,-0.955711961),[Kb('-n\29u','n\1')]=200000},[Kb('\238O\211\248\225\156c\221\246\226','\188 \177\151\149')]={[Kb('\144\237\187\250\173','\223\159')]=3,[Kb('\6J,\161\"L0\166','V%_\200')]=ej[Kb('\229\248N\199\211Y','\166\190<')][Kb('\159\148\134','\241')](9888.1279300000006,13409.247100000001,261.94576999999998,-0.99999755599999995,-2.6017173100000001e-07,0.0022217128399999999,-2.5959562300000003e-07,1,2.5959553799999998e-07,-0.0022217128399999999,2.5901815100000002e-07,-0.99999755599999995),[Kb('Q\138a\145','\18\229')]=2500000},[Kb('o\24\146\222\202\a%\131\201\204T',"\'a\226\187\184")]={[Kb('\15\170$\189\50','@\216')]=4,[Kb('K\238\175\53o\232\179\50','\27\129\220\\')]=ej[Kb('\184\56\129\154\19\150','\251~\243')][Kb('<7%','R')](9860.1914099999995,20089.099600000001,254.75614899999999,-0.76200717699999998,3.6591973200000002e-07,0.64756858299999998,2.5959570800000002e-07,1,-2.5959556599999998e-07,-0.64756858299999998,-2.9707671000000001e-08,-0.76200717699999998),[Kb('\214\153\230\130','\149\246')]=5000000}},{[Kb('\177\21\135\r','\244t')]={[Kb('\1\243*\228<','N\129')]=1},[Kb('}\f\190Y\28\183','0i\218')]={[Kb('\191k\148|\130','\240\25')]=2},[Kb('/\207\21\202','g\174')]={[Kb('\163\194\136\213\158','\236\176')]=3},[Kb('\213\204\145\253\204\135','\156\162\226')]={[Kb('m)F>P','\"[')]=4}},{[Kb('\168\145.\200\189\150;\141','\233\255W\232')]={[Kb(':k\17|\a','u\25')]=1,[Kb(':5\18?\22','sX')]=Kb('\215\174\138\166\51\156\28\209\165\150\253o\192I','\165\204\242\199@\239y')},[Kb('\197O;\249\230<\193\245\1\24\252\225-\220\254','\140!]\144\136U\181')]={[Kb('\146\239\185\248\175','\221\157')]=3,[Kb("\15\166\'\172#",'F\203')]=Kb('*=\134\178z\174:Y\137\14\225\156\170om\202\235\49\239g\28\215R\235\139\176n','X_\254\211\t\221_-\224j\219\179\133')}},{[Kb('\240','\192')]={[Kb(',\240\a\231\17','c\130')]=1},[Kb('6','\a')]={[Kb('$*\15=\25','kX')]=2},[Kb('\208','\226')]={[Kb('\"L\t[\31','m>')]=3},[Kb('Q','b')]={[Kb('\255+\212<\194','\176Y')]=4},[Kb('v','B')]={[Kb('\237F\198Q\208','\162\52')]=5},[Kb('\244','\193')]={[Kb('\249x\210o\196','\182\n')]=6}},{[Kb('v\235b\149\210\\\187N\153\208','%\155\v\254\183')]={[Kb('\195\225\230\226\240','\148\142')]=Kb('>0\230\143\179\198\15*\244\192\142\220\14','jX\131\175\252\176')},[Kb('\n\1\226\200&@\192\194 ','G\96\133\165')]={[Kb('%\181\0\182\22','r\218')]=Kb('\210\19\179@\130\250\227\t\161\15\191\224\226','\134{\214\96\205\140')},[Kb('\211\54,\163\211\241(u\149\192\247','\144DU\208\167')]={[Kb('\208\f\245\15\227','\135c')]=Kb('\170l\29\175\159Q\155v\15\224\162K\154',"\254\4x\143\208\'")},[Kb('\155\241\240\245\165\164\219\243\176','\215\132\158\148')]={[Kb('\21)0*&','BF')]=Kb('i\24\b+s\131X\2\26dN\153Y','=pm\v<\245')},[Kb('*6\178\199\\\28\188\196','|Y\219\163')]={[Kb('\229\235\192\232\214','\178\132')]=Kb('%-=\203F\217\20\55/\132{\195\21','qEX\235\t\175')},[Kb('\31\247\202Nw\215\193E','W\146\166\"')]={[Kb('\194\1